1
0.3310022705903664
150
13
0.0 18 -128.0 0 1 2 0
0.08180721169169419 0 0.0 0 0 0 1
-0.40913317107964237 2 8.5 1 3 10 0
-0.6926463427447833 18 262.0 1 4 9 0
-0.9096023325883945 3 100.0 1 5 8 0
-1.0561184471698977 18 -20.0 0 6 7 0
-0.056113904729079594 0 0.0 0 0 0 1
-0.13419760264464337 0 0.0 0 0 0 1
-0.01092241608575834 0 0.0 0 0 0 1
0.0049217207707951596 0 0.0 0 0 0 1
0.08367358045461232 5 0.5 1 11 12 0
-0.00615447349664012 0 0.0 0 0 0 1
0.09852361847409977 0 0.0 0 0 0 1
13
0.0 18 -101.0 0 1 4 0
0.6937065969093361 18 -288.0 1 2 3 0
0.09738373304832955 0 0.0 0 0 0 1
0.03786742676389863 0 0.0 0 0 0 1
-0.3961756962818951 2 7.5 1 5 10 0
-0.6598255035128766 18 277.5 1 6 9 0
-0.8778668969187555 3 109.0 1 7 8 0
-0.10112008275630871 0 0.0 0 0 0 1
-0.010493204952917954 0 0.0 0 0 0 1
0.004694726976673188 0 0.0 0 0 0 1
0.015200443773647054 5 0.5 1 11 12 0
-0.011248093422908811 0 0.0 0 0 0 1
0.09014391563666718 0 0.0 0 0 0 1
13
0.0 18 -134.0 0 1 4 0
0.7015687970502907 2 6.5 1 2 3 0
0.04325756470730808 0 0.0 0 0 0 1
0.09886462796048252 0 0.0 0 0 0 1
-0.323996585786735 2 6.5 1 5 10 0
-0.5912401008122047 18 331.0 1 6 9 0
-0.7677371211420007 3 90.0 1 7 8 0
-0.08969746089041908 0 0.0 0 0 0 1
-0.01908922677017522 0 0.0 0 0 0 1
0.005862734125092559 0 0.0 0 0 0 1
0.027512812628263127 5 0.5 1 11 12 0
-0.0078089026120558335 0 0.0 0 0 0 1
0.08387970932372169 0 0.0 0 0 0 1
13
0.0 18 -79.0 0 1 6 0
0.5491903314870913 18 -256.0 1 2 3 0
0.08176636496394557 0 0.0 0 0 0 1
0.25132648466078844 2 4.5 0 4 5 0
-0.020339697540718227 0 0.0 0 0 0 1
0.05488907634162798 0 0.0 0 0 0 1
-0.35148549972059007 3 115.0 1 7 12 0
-0.503730927799083 2 14.5 1 8 11 0
-0.6518489896958072 18 198.0 1 9 10 0
-0.07848209916996371 0 0.0 0 0 0 1
-0.005557022641199134 0 0.0 0 0 0 1
0.0027543099838937355 0 0.0 0 0 0 1
0.024204466976504524 0 0.0 0 0 0 1
13
0.0 18 -71.0 0 1 6 0
0.4909079537286581 2 6.5 1 2 5 0
0.23259053848419614 18 -461.0 0 3 4 0
0.07343014114806215 0 0.0 0 0 0 1
-0.0004035218573622476 0 0.0 0 0 0 1
0.07727929836345174 0 0.0 0 0 0 1
-0.326066426840547 3 90.0 1 7 12 0
-0.4876571903425275 8 38.0 1 8 11 0
-0.28254155085124627 8 -1.0 1 9 10 0
-0.05108135600704427 0 0.0 0 0 0 1
0.014424824744940069 0 0.0 0 0 0 1
-0.08193247382290662 0 0.0 0 0 0 1
0.015145356360607898 0 0.0 0 0 0 1
13
0.0 18 -170.0 0 1 2 0
0.06126487317341303 0 0.0 0 0 0 1
-0.2215626230403655 2 3.5 0 3 6 0
-0.5778495976117317 18 442.0 1 4 5 0
-0.07227487621790467 0 0.0 0 0 0 1
-0.0011392020909065392 0 0.0 0 0 0 1
-0.021883935733609895 5 0.5 1 7 12 0
-0.08800648236586345 3 133.0 1 8 11 0
-0.189583715027165 18 -15.0 0 9 10 0
0.016466622832948304 0 0.0 0 0 0 1
-0.04234115931836947 0 0.0 0 0 0 1
0.04510627856570635 0 0.0 0 0 0 1
0.07192073661922739 0 0.0 0 0 0 1
13
0.0 18 -178.0 0 1 2 0
0.057526320739189854 0 0.0 0 0 0 1
-0.1962041888493213 2 3.5 0 3 6 0
-0.5191860396020337 18 10844.0 1 4 5 0
-0.06361206880813638 0 0.0 0 0 0 1
0.005076847506351861 0 0.0 0 0 0 1
-0.01508609926014049 5 0.5 1 7 12 0
-0.07451563816601038 3 97.0 1 8 11 0
-0.18335393324874985 18 -20.0 0 9 10 0
0.014579638311683782 0 0.0 0 0 0 1
-0.04021251973490487 0 0.0 0 0 0 1
0.033523934166751666 0 0.0 0 0 0 1
0.06627297991422877 0 0.0 0 0 0 1
13
0.0 18 -63.0 0 1 6 0
0.3776028581011169 2 7.5 1 2 5 0
0.1641579123273513 16 1.5 1 3 4 0
0.0376756780831596 0 0.0 0 0 0 1
-0.027145614736184667 0 0.0 0 0 0 1
0.06535481707783873 0 0.0 0 0 0 1
-0.256172272558717 3 146.0 1 7 12 0
-0.359838870637448 8 38.0 1 8 11 0
-0.18598241939024132 8 -1.0 1 9 10 0
-0.038051627191173665 0 0.0 0 0 0 1
0.01748229674806978 0 0.0 0 0 0 1
-0.06442227629456157 0 0.0 0 0 0 1
0.025737769382731673 0 0.0 0 0 0 1
13
0.0 18 -213.0 0 1 2 0
0.05458710293392619 0 0.0 0 0 0 1
-0.15238407847337881 2 2.5 0 3 4 0
-0.055413093121750495 0 0.0 0 0 0 1
-0.03654526885664718 3 75.0 1 5 12 0
-0.1336856071803465 18 -18.0 0 6 7 0
0.01103271895462232 0 0.0 0 0 0 1
-0.32828502924957526 4 -34.0 0 8 9 0
0.033893076207233044 0 0.0 0 0 0 1
-0.4783339748210652 5 0.5 1 10 11 0
-0.054063939037321075 0 0.0 0 0 0 1
0.04979082390894629 0 0.0 0 0 0 1
0.026018038582478323 0 0.0 0 0 0 1
13
0.0 18 -223.0 0 1 2 0
0.051414949540995014 0 0.0 0 0 0 1
-0.13496417738092267 2 9.5 1 3 12 0
-0.2807928070471833 18 537.0 1 4 9 0
-0.36706946301404253 18 -16.0 0 5 6 0
-0.011796964068437069 0 0.0 0 0 0 1
-0.5429831559192243 3 161.0 1 7 8 0
-0.06466771570918087 0 0.0 0 0 0 1
0.0026733426767866584 0 0.0 0 0 0 1
0.19856932151104906 16 1.5 1 10 11 0
0.06069259912667772 0 0.0 0 0 0 1
-0.04527301345119272 0 0.0 0 0 0 1
0.01515701446738495 0 0.0 0 0 0 1
13
0.0 18 -50.0 0 1 6 0
0.28513664793743854 2 8.5 1 2 5 0
0.10307192453597823 16 1.5 1 3 4 0
0.029398720351615407 0 0.0 0 0 0 1
-0.026436678597153443 0 0.0 0 0 0 1
0.0558648089954973 0 0.0 0 0 0 1
-0.20817977085506476 3 69.0 1 7 12 0
-0.3432724111518909 4 -73.0 0 8 9 0
0.03882134494806 0 0.0 0 0 0 1
-0.4330262901998186 2 14.5 1 10 11 0
-0.05443161988406543 0 0.0 0 0 0 1
-0.001601349915681627 0 0.0 0 0 0 1
0.008314434955877876 0 0.0 0 0 0 1
13
0.0 18 -256.0 0 1 2 0
0.04851191325592084 0 0.0 0 0 0 1
-0.10756654492423305 2 3.5 0 3 8 0
-0.35981729606837753 16 1.5 1 4 7 0
-0.15560289618960388 17 0.5 1 5 6 0
-0.031108639920798837 0 0.0 0 0 0 1
0.051445553382248224 0 0.0 0 0 0 1
-0.06026317089926545 0 0.0 0 0 0 1
0.03239756716291848 7 4.5 1 9 12 0
0.1332554219812635 18 -13.0 0 10 11 0
0.035776200298813156 0 0.0 0 0 0 1
-0.0025397988485630716 0 0.0 0 0 0 1
-0.025757644347199696 0 0.0 0 0 0 1
13
0.0 18 -316.0 0 1 6 0
0.5056529158939113 2 2.5 0 2 3 0
0.010735328002260635 0 0.0 0 0 0 1
0.6511778795126796 3 -375.0 0 4 5 0
0.0021343156797906343 0 0.0 0 0 0 1
0.07633955739833947 0 0.0 0 0 0 1
-0.08763236310134657 2 2.5 0 7 8 0
-0.04261343233865513 0 0.0 0 0 0 1
0.00861506221055252 8 38.0 1 9 12 0
0.10383724196158309 8 -1.0 1 10 11 0
-0.009597382148746466 0 0.0 0 0 0 1
0.044656279953068256 0 0.0 0 0 0 1
-0.02057067771879602 0 0.0 0 0 0 1
13
0.0 18 -42.0 0 1 6 0
0.2232690517300269 16 2.5 1 2 5 0
0.3505849497633335 2 7.5 1 3 4 0
0.018720208513446104 0 0.0 0 0 0 1
0.06121966472063134 0 0.0 0 0 0 1
-0.009582451309614576 0 0.0 0 0 0 1
-0.1696989538663874 18 262.0 1 7 10 0
-0.27548334477459424 2 5.5 0 8 9 0
-0.04897819617953156 0 0.0 0 0 0 1
-0.008422001040928166 0 0.0 0 0 0 1
0.18311238727673496 16 1.5 1 11 12 0
0.04556516639251609 0 0.0 0 0 0 1
-0.01311922040991562 0 0.0 0 0 0 1
13
0.0 18 -356.0 0 1 4 0
0.4819302763075742 16 0.5 0 2 3 0
0.09766221954140267 0 0.0 0 0 0 1
0.03668646319035367 0 0.0 0 0 0 1
-0.0707606925614208 2 2.5 0 5 6 0
-0.03737022021496455 0 0.0 0 0 0 1
0.01500339039841794 7 4.5 1 7 12 0
0.09446162247799682 8 0.0 1 8 11 0
0.22214367318063805 8 -1.0 1 9 10 0
0.0039416537708151156 0 0.0 0 0 0 1
0.045093531226561095 0 0.0 0 0 0 1
-0.0139838753104636 0 0.0 0 0 0 1
-0.024185638583687216 0 0.0 0 0 0 1
13
0.0 18 -420.0 0 1 2 0
0.04918291616953591 0 0.0 0 0 0 1
-0.05831722975650186 2 4.5 0 3 8 0
-0.2291262222731231 16 1.5 1 4 7 0
-0.06495422161403641 17 0.5 1 5 6 0
-0.0186942257274527 0 0.0 0 0 0 1
0.05328923398363028 0 0.0 0 0 0 1
-0.04341931854287571 0 0.0 0 0 0 1
0.07749795158170866 7 4.5 1 9 12 0
0.1796192764588856 18 -27.0 0 10 11 0
0.04103330912077266 0 0.0 0 0 0 1
0.0009767499949410727 0 0.0 0 0 0 1
-0.01883854056490895 0 0.0 0 0 0 1
13
0.0 18 -34.0 0 1 6 0
0.17631090002669464 15 -113.0 0 2 3 0
-0.013380016583714436 0 0.0 0 0 0 1
0.28253841607412516 2 9.5 1 4 5 0
0.01527557832239159 0 0.0 0 0 0 1
0.05437890215812894 0 0.0 0 0 0 1
-0.1414661401189817 3 161.0 1 7 12 0
-0.2275669270632296 4 -55.0 0 8 9 0
0.03566833639674761 0 0.0 0 0 0 1
-0.30162460637913774 2 19.5 1 10 11 0
-0.037210569629468206 0 0.0 0 0 0 1
0.011694428833125438 0 0.0 0 0 0 1
0.02817369322896047 0 0.0 0 0 0 1
13
0.0 8 280.0 1 1 12 0
0.10651691681914885 8 -1.0 1 2 5 0
-0.05686757597603938 3 60.0 1 3 4 0
-0.013557980313963814 0 0.0 0 0 0 1
0.018407921526305857 0 0.0 0 0 0 1
0.322665703369414 2 2.5 0 6 7 0
-0.0066073737080402685 0 0.0 0 0 0 1
0.4311122204835245 18 -162.0 0 8 9 0
0.06869225738307945 0 0.0 0 0 0 1
0.2956011816700833 17 0.5 1 10 11 0
0.023127320934437843 0 0.0 0 0 0 1
0.10128358960095976 0 0.0 0 0 0 1
-0.021938938941574847 0 0.0 0 0 0 1
13
0.0 18 -507.0 0 1 2 0
0.047908885799609294 0 0.0 0 0 0 1
-0.043824907052662794 2 2.5 0 3 4 0
-0.02994234117522018 0 0.0 0 0 0 1
0.028416116130484222 3 54.0 1 5 10 0
-0.05074061312746423 18 -34.0 1 6 7 0
0.009639124603560853 0 0.0 0 0 0 1
-0.19377850936630403 18 105.0 1 8 9 0
-0.03380853452499972 0 0.0 0 0 0 1
0.023068639213129162 0 0.0 0 0 0 1
0.23209432830934465 18 22.0 0 11 12 0
0.06384413047134328 0 0.0 0 0 0 1
0.008066636296902413 0 0.0 0 0 0 1
13
0.0 15 -113.0 0 1 4 0
-0.21948942744350364 2 4.5 0 2 3 0
-0.04486384533611711 0 0.0 0 0 0 1
-0.006803381619935847 0 0.0 0 0 0 1
0.09168694516504623 18 -420.0 0 5 6 0
0.049575074647142066 0 0.0 0 0 0 1
0.03793638097073602 3 54.0 1 7 10 0
-0.04359354349748598 18 168.0 1 8 9 0
-0.009474610011114274 0 0.0 0 0 0 1
0.032669492501159574 0 0.0 0 0 0 1
0.2528686742606638 18 31.0 0 11 12 0
0.05935777760085233 0 0.0 0 0 0 1
0.009642242687002263 0 0.0 0 0 0 1
13
0.0 2 13.5 1 1 10 0
-0.07560095250165129 16 1.5 1 2 9 0
0.05389002623841755 18 10844.0 1 3 8 0
0.00033496489741861553 18 -4.0 1 4 5 0
0.01707784777293473 0 0.0 0 0 0 1
-0.2607281339178657 3 71.0 1 6 7 0
-0.04815459917716648 0 0.0 0 0 0 1
0.008345946629396752 0 0.0 0 0 0 1
0.05246343116811786 0 0.0 0 0 0 1
-0.025060415543724048 0 0.0 0 0 0 1
0.2339164023999387 8 -2055.0 0 11 12 0
-0.0009510789961457186 0 0.0 0 0 0 1
0.03817616324025376 0 0.0 0 0 0 1
13
0.0 8 0.0 1 1 12 0
0.09310513225397085 8 -1.0 1 2 7 0
-0.04782532761569533 3 176.0 1 3 6 0
-0.08739044018271601 18 -1.0 1 4 5 0
0.003399996819217772 0 0.0 0 0 0 1
-0.02341510413483881 0 0.0 0 0 0 1
0.03352021015606215 0 0.0 0 0 0 1
0.2980977869622199 2 2.5 0 8 11 0
-0.06301193164556196 14 2868.5 0 9 10 0
0.03289262383901356 0 0.0 0 0 0 1
-0.04302441856615491 0 0.0 0 0 0 1
0.04006095099669609 0 0.0 0 0 0 1
-0.01743077898813415 0 0.0 0 0 0 1
13
0.0 15 -113.0 0 1 2 0
-0.01910710996863175 0 0.0 0 0 0 1
0.08031213303633217 18 -159.0 0 3 6 0
0.3036318833288527 2 3.5 0 4 5 0
0.005790824345858063 0 0.0 0 0 0 1
0.04762659359521053 0 0.0 0 0 0 1
0.00032319711842595416 3 57.0 1 7 12 0
-0.09092868592847378 18 137.0 1 8 11 0
-0.16370043084002833 18 -1.0 1 9 10 0
0.001128409589365607 0 0.0 0 0 0 1
-0.03903508663247707 0 0.0 0 0 0 1
0.02690290340120856 0 0.0 0 0 0 1
0.021217974523294155 0 0.0 0 0 0 1
13
0.0 18 -896.0 0 1 2 0
0.05796347234650393 0 0.0 0 0 0 1
-0.022527484857061967 2 2.5 0 3 4 0
-0.024776608837116246 0 0.0 0 0 0 1
0.04202156197975373 7 4.5 1 5 12 0
0.11098010057553552 18 -67.0 0 6 9 0
0.3153494246147547 3 -48.0 1 7 8 0
0.010756101076866371 0 0.0 0 0 0 1
0.05297962153212863 0 0.0 0 0 0 1
0.0030977177435866977 3 64.0 1 10 11 0
-0.010831673984937255 0 0.0 0 0 0 1
0.02276928653344802 0 0.0 0 0 0 1
-0.01705006340364177 0 0.0 0 0 0 1
13
0.0 2 14.5 1 1 12 0
-0.06137035117839364 16 1.5 1 2 9 0
0.04760762926686697 18 10844.0 1 3 8 0
-0.00010484993653631386 18 -4.0 1 4 5 0
0.013935675134585063 0 0.0 0 0 0 1
-0.21273088899197914 3 125.0 1 6 7 0
-0.03506652483679864 0 0.0 0 0 0 1
0.016356842081308238 0 0.0 0 0 0 1
0.0474754839999638 0 0.0 0 0 0 1
-0.20593331401164047 0 1.5 0 10 11 0
-0.05817222391849905 0 0.0 0 0 0 1
-0.013984226850297208 0 0.0 0 0 0 1
0.02128660718616828 0 0.0 0 0 0 1
13
0.0 15 -113.0 0 1 2 0
-0.01642847069007036 0 0.0 0 0 0 1
0.06985936967867026 18 -654.0 0 3 4 0
0.04992181351371878 0 0.0 0 0 0 1
0.03720290310229405 2 18.5 1 5 12 0
-0.006807845656990027 18 537.0 1 6 11 0
-0.04602226038474116 18 -1.0 1 7 10 0
0.06578237810260884 3 1.0 1 8 9 0
-0.006258367974486529 0 0.0 0 0 0 1
0.0368859899857676 0 0.0 0 0 0 1
-0.019234876158369708 0 0.0 0 0 0 1
0.029230007743101496 0 0.0 0 0 0 1
0.030125318350886082 0 0.0 0 0 0 1
13
0.0 8 0.0 1 1 12 0
0.07652305788478318 8 -1.0 1 2 3 0
-0.004000431694985831 0 0.0 0 0 0 1
0.24947891831034583 14 4421.0 1 4 9 0
0.32177424629834583 17 0.5 1 5 8 0
0.2808140927243346 18 -65.0 1 6 7 0
0.045195918262065156 0 0.0 0 0 0 1
0.010849725433052597 0 0.0 0 0 0 1
0.09541985469072262 0 0.0 0 0 0 1
-0.1823572750125489 2 3.5 1 10 11 0
-0.04361858711842496 0 0.0 0 0 0 1
0.06387277210066256 0 0.0 0 0 0 1
-0.014209383233528184 0 0.0 0 0 0 1
13
0.0 18 -1025.0 0 1 2 0
0.05768070782322739 0 0.0 0 0 0 1
-0.016170409576743493 2 3.5 0 3 4 0
-0.015667035043779396 0 0.0 0 0 0 1
0.06162604551828042 7 4.5 1 5 12 0
0.13607085711004738 18 -195.0 0 6 7 0
0.046840772430704676 0 0.0 0 0 0 1
0.06745431471572026 3 33.0 1 8 9 0
-0.003921781999459535 0 0.0 0 0 0 1
0.2356999811479024 18 16.0 0 10 11 0
0.062257007608023975 0 0.0 0 0 0 1
0.010427300501847616 0 0.0 0 0 0 1
-0.013667380234658487 0 0.0 0 0 0 1
13
0.0 3 245.0 1 1 12 0
-0.024442561730287506 18 -1.0 1 2 5 0
0.07342658119472927 3 3.0 1 3 4 0
-0.0015639806486720258 0 0.0 0 0 0 1
0.031184544537519898 0 0.0 0 0 0 1
-0.14520629428334245 4 -29.0 0 6 7 0
0.03976902956857604 0 0.0 0 0 0 1
-0.23827920365347116 3 33.0 1 8 11 0
-0.399862770923182 18 41.0 1 9 10 0
-0.06289043664592812 0 0.0 0 0 0 1
-0.015626590095136495 0 0.0 0 0 0 1
-0.008088764724853889 0 0.0 0 0 0 1
0.03773881355256334 0 0.0 0 0 0 1
13
0.0 2 11.5 1 1 8 0
-0.05998118625612058 15 -113.0 0 2 3 0
-0.023777888639180553 0 0.0 0 0 0 1
0.005063731243211916 18 -1236.0 0 4 5 0
0.06343609654050406 0 0.0 0 0 0 1
-0.013306363725710639 17 0.5 1 6 7 0
-0.004956657236714923 0 0.0 0 0 0 1
0.02906970650711861 0 0.0 0 0 0 1
0.1515925470430818 14 0.0 1 9 12 0
0.10945959278572377 18 -250.0 0 10 11 0
0.0463957359385951 0 0.0 0 0 0 1
0.004240911004308929 0 0.0 0 0 0 1
0.07261043489305372 0 0.0 0 0 0 1
13
0.0 3 206.0 1 1 12 0
-0.025497265935138815 18 -4.0 1 2 7 0
0.06417915203021154 7 4.5 1 3 6 0
0.13928135942353623 2 6.5 1 4 5 0
0.002211638889383675 0 0.0 0 0 0 1
0.03239466184792178 0 0.0 0 0 0 1
-0.01895453355773999 0 0.0 0 0 0 1
-0.13502918273567582 4 -33.0 0 8 9 0
0.036512754993179235 0 0.0 0 0 0 1
-0.21842218594764995 3 33.0 1 10 11 0
-0.03506733977107636 0 0.0 0 0 0 1
-0.007599583139481107 0 0.0 0 0 0 1
0.03078734381437989 0 0.0 0 0 0 1
13
0.0 2 18.5 1 1 12 0
-0.03751672462645318 16 1.5 1 2 9 0
0.048343029055119766 18 -978.0 0 3 4 0
0.05471586887575716 0 0.0 0 0 0 1
0.022449366189275784 17 0.5 1 5 8 0
-0.016088084492070436 3 48.0 1 6 7 0
-0.008198035994588074 0 0.0 0 0 0 1
0.01508960719166099 0 0.0 0 0 0 1
0.03796003764340294 0 0.0 0 0 0 1
-0.14752937014400805 0 1.5 0 10 11 0
-0.0495518202777177 0 0.0 0 0 0 1
-0.009317311692843984 0 0.0 0 0 0 1
0.02005601849358515 0 0.0 0 0 0 1
13
0.0 2 2.5 0 1 2 0
-0.015531144375555216 0 0.0 0 0 0 1
0.04730409183309173 18 -408.0 0 3 6 0
0.3755325250969308 3 -504.0 0 4 5 0
-0.04740984504763169 0 0.0 0 0 0 1
0.0510472654773569 0 0.0 0 0 0 1
0.016452800776443163 7 3.5 1 7 12 0
0.08629609266742881 18 -1.0 0 8 11 0
0.1967047683548932 3 3.0 1 9 10 0
0.006562002615055781 0 0.0 0 0 0 1
0.051080550964218756 0 0.0 0 0 0 1
-0.001219629914512464 0 0.0 0 0 0 1
-0.011347334462938875 0 0.0 0 0 0 1
13
0.0 3 292.0 1 1 12 0
-0.018401493786168392 15 -113.0 0 2 5 0
-0.15569076729098408 0 1.5 0 3 4 0
-0.053834134819163215 0 0.0 0 0 0 1
-0.011605940178675375 0 0.0 0 0 0 1
0.03849945424788126 18 -654.0 0 6 7 0
0.03766686340010908 0 0.0 0 0 0 1
0.014253366660395363 10 39.0 1 8 11 0
0.05956123033968356 10 -1.0 1 9 10 0
-8.874969481916492e-05 0 0.0 0 0 0 1
0.020865671029633596 0 0.0 0 0 0 1
-0.015310720923117922 0 0.0 0 0 0 1
0.0360423500329457 0 0.0 0 0 0 1
13
0.0 8 0.0 1 1 12 0
0.0581889717163111 8 -1.0 1 2 3 0
-0.0029851054817864437 0 0.0 0 0 0 1
0.19305439827602866 14 2133.5 1 4 9 0
0.2786034548340382 17 0.5 1 5 8 0
0.23744732278781389 18 -65.0 1 6 7 0
0.0404510807493097 0 0.0 0 0 0 1
0.008921435458209857 0 0.0 0 0 0 1
0.08932871221851557 0 0.0 0 0 0 1
-0.15113032513792712 2 3.5 1 10 11 0
-0.03533555812963792 0 0.0 0 0 0 1
0.04965192595051783 0 0.0 0 0 0 1
-0.010702034943711388 0 0.0 0 0 0 1
13
0.0 3 137.0 1 1 10 0
-0.029511132636500584 16 0.5 0 2 5 0
0.3428261270792356 8 -1.0 1 3 4 0
0.00824353547103489 0 0.0 0 0 0 1
0.08413327932169454 0 0.0 0 0 0 1
-0.050059979284325554 2 2.5 0 6 7 0
-0.020221660671580752 0 0.0 0 0 0 1
-0.00568416259924321 7 6.5 1 8 9 0
0.002058752817246682 0 0.0 0 0 0 1
-0.025303440206705927 0 0.0 0 0 0 1
0.20649981947038396 18 101.0 0 11 12 0
0.054377390866913324 0 0.0 0 0 0 1
0.00627360100698428 0 0.0 0 0 0 1
13
0.0 2 19.5 1 1 12 0
-0.03044965482295744 16 2.5 1 2 11 0
0.023070353433106244 18 -1412.0 0 3 4 0
0.06499191118718893 0 0.0 0 0 0 1
0.010136392142940832 3 65.0 1 5 8 0
-0.03881399050445579 18 108.0 1 6 7 0
-0.007918247852335237 0 0.0 0 0 0 1
0.02134957724988315 0 0.0 0 0 0 1
0.16948443693318344 18 45.0 0 9 10 0
0.04217722705950394 0 0.0 0 0 0 1
0.003544445443185473 0 0.0 0 0 0 1
-0.014959229971938907 0 0.0 0 0 0 1
0.01819995074535094 0 0.0 0 0 0 1
13
0.0 3 292.0 1 1 12 0
-0.016177436001911606 18 3.0 1 2 5 0
0.05565709362514873 3 21.0 1 3 4 0
-0.0007742229793614623 0 0.0 0 0 0 1
0.030158765435191255 0 0.0 0 0 0 1
-0.10773805141240879 4 -29.0 0 6 7 0
0.03458525007918042 0 0.0 0 0 0 1
-0.18221279325645953 3 33.0 0 8 11 0
-0.3174386757317557 18 41.0 1 9 10 0
-0.05472195065342931 0 0.0 0 0 0 1
-0.00999014064613783 0 0.0 0 0 0 1
-0.006395268836772917 0 0.0 0 0 0 1
0.031903759654436425 0 0.0 0 0 0 1
13
0.0 10 39.0 1 1 12 0
0.038735669962421296 10 -1.0 1 2 11 0
-0.018888222839991187 7 5.5 1 3 10 0
0.018224321449176784 18 -83.0 0 4 9 0
0.16708543912574209 3 -76.0 0 5 6 0
-0.0038107628442024103 0 0.0 0 0 0 1
0.3348261969393194 5 0.5 1 7 8 0
0.044661268907672774 0 0.0 0 0 0 1
-0.0355954134239233 0 0.0 0 0 0 1
-0.005111304461635694 0 0.0 0 0 0 1
-0.01949304350486856 0 0.0 0 0 0 1
0.018185050587497417 0 0.0 0 0 0 1
-0.013874126787431953 0 0.0 0 0 0 1
13
0.0 9 31.0 1 1 10 0
0.0565982265822115 9 -1.0 1 2 7 0
-0.018828714588843776 3 245.0 1 3 6 0
-0.040374494754475854 16 0.5 0 4 5 0
0.04142656740131569 0 0.0 0 0 0 1
-0.005613520711901876 0 0.0 0 0 0 1
0.03340630458058167 0 0.0 0 0 0 1
0.27252054358443506 5 0.5 1 8 9 0
0.03811513246449157 0 0.0 0 0 0 1
0.007002682566991016 0 0.0 0 0 0 1
-0.08829378557524042 3 31.0 1 11 12 0
-0.014943046852584855 0 0.0 0 0 0 1
0.0028292666979604104 0 0.0 0 0 0 1
13
0.0 15 -113.0 0 1 2 0
-0.010524242916531161 0 0.0 0 0 0 1
0.045413955196533934 18 -1412.0 0 3 4 0
0.062318493702380684 0 0.0 0 0 0 1
0.0357979939744676 2 11.5 1 5 12 0
-0.00650110527991514 14 4421.0 1 6 11 0
0.013112273440270788 17 0.5 1 7 10 0
-0.015919436889201305 18 3.0 1 8 9 0
0.006456421269279592 0 0.0 0 0 0 1
-0.013201601863619732 0 0.0 0 0 0 1
0.02605896083659963 0 0.0 0 0 0 1
-0.03417971575375236 0 0.0 0 0 0 1
0.01583701979812868 0 0.0 0 0 0 1
13
0.0 16 0.5 0 1 4 0
0.29338829022595386 8 -1.0 1 2 3 0
0.007520758101368256 0 0.0 0 0 0 1
0.07830034943834918 0 0.0 0 0 0 1
-0.01451613781016952 3 46.0 1 5 8 0
-0.0598524339087183 2 2.5 0 6 7 0
-0.02058022587583251 0 0.0 0 0 0 1
-0.0016539972269941543 0 0.0 0 0 0 1
0.09499194597517818 18 41.0 0 9 10 0
0.029476196238570153 0 0.0 0 0 0 1
-0.014548062608236817 3 313.0 1 11 12 0
-0.009621384711828364 0 0.0 0 0 0 1
0.026089265044851928 0 0.0 0 0 0 1
13
0.0 2 24.5 1 1 12 0
-0.01954589198475602 15 -113.0 0 2 3 0
-0.012496827916721721 0 0.0 0 0 0 1
0.02276358279233726 18 -1025.0 0 4 5 0
0.04194017929237774 0 0.0 0 0 0 1
0.010345989866093837 7 4.5 1 6 11 0
0.04223783025245039 18 -52.0 0 7 10 0
0.13685621063787531 5 0.5 1 8 9 0
0.023006029013492416 0 0.0 0 0 0 1
-0.02778083098957576 0 0.0 0 0 0 1
-0.0019082196927339874 0 0.0 0 0 0 1
-0.01508913919256939 0 0.0 0 0 0 1
0.020375850581565037 0 0.0 0 0 0 1
13
0.0 10 3.0 1 1 12 0
0.03377421929115108 10 -1.0 1 2 11 0
-0.01649962658824068 3 259.0 1 3 10 0
-0.033577061613585084 18 3.0 1 4 7 0
0.0335912856608339 7 3.5 1 5 6 0
0.013485435884819664 0 0.0 0 0 0 1
-0.012190935090383055 0 0.0 0 0 0 1
-0.11597437096451453 4 -26.0 0 8 9 0
0.03112910852770291 0 0.0 0 0 0 1
-0.019055220956905587 0 0.0 0 0 0 1
0.027525860239409616 0 0.0 0 0 0 1
0.01616390446032209 0 0.0 0 0 0 1
-0.011780516025710055 0 0.0 0 0 0 1
13
0.0 2 5.5 1 1 6 0
-0.059934535584831174 6 0.5 1 2 5 0
-0.037709493914410364 16 2.5 1 3 4 0
0.00121518355862484 0 0.0 0 0 0 1
-0.01618465807327078 0 0.0 0 0 0 1
-0.043127322260907035 0 0.0 0 0 0 1
0.06457804729678096 14 0.0 1 7 12 0
0.03797801385066589 18 -281.0 0 8 11 0
0.3025783990011408 3 -310.0 0 9 10 0
-0.02574813333771921 0 0.0 0 0 0 1
0.04516908624406169 0 0.0 0 0 0 1
5.881989719865562e-05 0 0.0 0 0 0 1
0.05782796795356432 0 0.0 0 0 0 1
13
0.0 3 100.0 1 1 8 0
-0.028129236268432053 16 0.5 0 2 5 0
0.2653499304077378 8 -1.0 1 3 4 0
0.004907556827980557 0 0.0 0 0 0 1
0.07275286338607853 0 0.0 0 0 0 1
-0.043772683442809365 2 2.5 0 6 7 0
-0.016213766700351098 0 0.0 0 0 0 1
-0.0009251259519373714 0 0.0 0 0 0 1
0.1369288252938173 18 76.0 0 9 10 0
0.03922731252818511 0 0.0 0 0 0 1
0.018242726578967215 17 0.5 1 11 12 0
-0.003477212914301891 0 0.0 0 0 0 1
0.05022361245936094 0 0.0 0 0 0 1
13
0.0 9 0.0 1 1 8 0
0.048115346894837686 9 -1.0 1 2 5 0
-0.01592726746272386 3 161.0 1 3 4 0
-0.00406093413846537 0 0.0 0 0 0 1
0.020665782655156312 0 0.0 0 0 0 1
0.2398089023135906 5 0.5 1 6 7 0
0.034808500579926474 0 0.0 0 0 0 1
0.0043751240062166455 0 0.0 0 0 0 1
-0.07326180878460302 3 28.0 1 9 10 0
-0.012827582959119675 0 0.0 0 0 0 1
0.02732452185792905 18 16.0 0 11 12 0
0.025162620273194915 0 0.0 0 0 0 1
-0.006512266540359722 0 0.0 0 0 0 1
13
0.0 12 31.0 1 1 12 0
0.03000999404862935 7 6.5 1 2 11 0
0.05079608555278318 16 1.5 1 3 8 0
0.10575522772799574 18 10844.0 1 4 7 0
0.07888334381122197 18 4.0 1 5 6 0
0.015624926623639145 0 0.0 0 0 0 1
-0.005057222424181972 0 0.0 0 0 0 1
0.03865607337659336 0 0.0 0 0 0 1
-0.014691139149538662 0 1.5 0 9 10 0
-0.03394499918439587 0 0.0 0 0 0 1
0.0022287851683219857 0 0.0 0 0 0 1
-0.017515063940080025 0 0.0 0 0 0 1
-0.011025249125341929 0 0.0 0 0 0 1
13
0.0 3 313.0 1 1 10 0
-0.01206827428295715 18 -1700.0 0 2 3 0
0.06310688272458971 0 0.0 0 0 0 1
-0.01742204303104824 2 24.5 1 4 7 0
-0.03559950384035012 15 -10575.0 0 5 6 0
-0.015113171473944604 0 0.0 0 0 0 1
-0.0007863417151721388 0 0.0 0 0 0 1
0.1636142486980246 14 0.0 1 8 9 0
0.011108040849376534 0 0.0 0 0 0 1
0.06617211262646665 0 0.0 0 0 0 1
0.26079375639629365 18 293.0 0 11 12 0
0.06533173585571402 0 0.0 0 0 0 1
0.012119334975856374 0 0.0 0 0 0 1
13
0.0 0 1.5 0 1 2 0
-0.016079820348164745 0 0.0 0 0 0 1
0.019094223378028886 7 3.5 1 3 12 0
0.06777506612656696 18 -88.0 0 4 9 0
0.20186965081651645 3 -63.0 0 5 6 0
0.003851221398369331 0 0.0 0 0 0 1
0.35192212221744557 5 0.5 1 7 8 0
0.05313957378786698 0 0.0 0 0 0 1
-0.01398436013349084 0 0.0 0 0 0 1
0.004495872202766785 3 35.0 1 10 11 0
-0.0083945747088711 0 0.0 0 0 0 1
0.012712353346513883 0 0.0 0 0 0 1
-0.006977125159186308 0 0.0 0 0 0 1
13
0.0 9 0.0 1 1 10 0
0.043269463965288336 9 -1.0 1 2 7 0
-0.012367001928320827 3 367.0 1 3 6 0
-0.02434888993451133 7 6.5 1 4 5 0
7.23810754544832e-05 0 0.0 0 0 0 1
-0.019257842387055565 0 0.0 0 0 0 1
0.0340240935711645 0 0.0 0 0 0 1
0.21130104948226944 5 0.5 1 8 9 0
0.031035733406839336 0 0.0 0 0 0 1
0.0033053256777830367 0 0.0 0 0 0 1
-0.06584627663509139 8 992.0 1 11 12 0
-0.0015987090842985345 0 0.0 0 0 0 1
-0.01637435695099281 0 0.0 0 0 0 1
13
0.0 18 -1700.0 0 1 2 0
0.05991565052768186 0 0.0 0 0 0 1
-0.004265516904162628 3 151.0 1 3 10 0
-0.023067783582157393 0 1.5 0 4 7 0
-0.18117519794246104 6 0.5 1 5 6 0
-0.014117991084174076 0 0.0 0 0 0 1
-0.0905328931547217 0 0.0 0 0 0 1
-0.004931421972845498 16 0.5 0 8 9 0
0.024632652217771906 0 0.0 0 0 0 1
-0.0016721445351264323 0 0.0 0 0 0 1
0.14111848432714477 18 122.0 0 11 12 0
0.04266443548395406 0 0.0 0 0 0 1
0.0022643416943065662 0 0.0 0 0 0 1
13
0.0 10 3.0 1 1 12 0
0.02716292661158277 10 -1.0 1 2 11 0
-0.012851024099552964 7 6.5 1 3 10 0
0.006594821595291422 18 -159.0 0 4 9 0
0.13413489099794448 4 -214.0 0 5 6 0
-0.020768853718939162 0 0.0 0 0 0 1
0.2322345192452716 14 280.0 1 7 8 0
0.03261072646976928 0 0.0 0 0 0 1
-0.03861173205460029 0 0.0 0 0 0 1
-0.002784413750471229 0 0.0 0 0 0 1
-0.017413052865879793 0 0.0 0 0 0 1
0.012984259544099555 0 0.0 0 0 0 1
-0.00945743900148392 0 0.0 0 0 0 1
13
0.0 18 -932.0 0 1 2 0
0.029021269182758658 0 0.0 0 0 0 1
-0.008194574317881006 3 31.0 1 3 12 0
-0.045206172258176795 18 56.0 1 4 9 0
-0.08566907661325963 18 6.0 1 5 6 0
-0.002532587691602063 0 0.0 0 0 0 1
-0.33270222515870546 3 -26.0 0 7 8 0
0.007807677181906857 0 0.0 0 0 0 1
-0.04415604964429413 0 0.0 0 0 0 1
0.1474389278734603 4 -4.0 1 10 11 0
0.038395362770901616 0 0.0 0 0 0 1
-0.010147344494759175 0 0.0 0 0 0 1
0.006312879760808601 0 0.0 0 0 0 1
13
0.0 2 29.5 1 1 12 0
-0.010653681829467625 3 444.0 1 2 11 0
-0.01933533537762321 15 -113.0 0 3 4 0
-0.009838952180459421 0 0.0 0 0 0 1
0.012890793023436325 18 -1700.0 0 5 6 0
0.05847500064143116 0 0.0 0 0 0 1
0.007511633488140345 7 5.5 1 7 10 0
0.026583504552815 18 -7.0 1 8 9 0
0.008440230705688136 0 0.0 0 0 0 1
-0.003710326792805165 0 0.0 0 0 0 1
-0.01536878153252528 0 0.0 0 0 0 1
0.027104369210533965 0 0.0 0 0 0 1
0.02202115588798573 0 0.0 0 0 0 1
13
0.0 12 31.0 1 1 12 0
0.025641354531352977 16 0.5 0 2 7 0
0.25412870072131494 8 -1.0 1 3 6 0
0.0846175529316966 8 -2.0 0 4 5 0
0.06311062258919668 0 0.0 0 0 0 1
-0.004825337462637733 0 0.0 0 0 0 1
0.06642604640426757 0 0.0 0 0 0 1
0.014494832676347642 7 3.5 1 8 11 0
0.05064626476000817 0 6.5 1 9 10 0
0.0025868971625967593 0 0.0 0 0 0 1
0.029474317498374283 0 0.0 0 0 0 1
-0.005417194871305228 0 0.0 0 0 0 1
-0.009432542469196349 0 0.0 0 0 0 1
13
0.0 2 4.5 0 1 6 0
-0.051865221870666264 14 5920.5 1 2 5 0
-0.028116558488756552 8 583.0 1 3 4 0
0.005746292200681936 0 0.0 0 0 0 1
-0.011492745464770712 0 0.0 0 0 0 1
-0.04036610107664073 0 0.0 0 0 0 1
0.043457501584124224 14 0.0 1 7 12 0
0.023076135438094277 18 -324.0 0 8 11 0
0.27031581798954346 3 -375.0 0 9 10 0
-0.027455749619694027 0 0.0 0 0 0 1
0.04085392379366693 0 0.0 0 0 0 1
-0.00042026148442127784 0 0.0 0 0 0 1
0.04948670099216186 0 0.0 0 0 0 1
13
0.0 9 0.0 1 1 12 0
0.03692054158925875 9 -1.0 1 2 9 0
-0.008204369040963477 18 352.0 1 3 6 0
-0.027722334013835375 3 313.0 1 4 5 0
-0.0035964367667494245 0 0.0 0 0 0 1
0.05113587430434509 0 0.0 0 0 0 1
0.15398690212944705 4 -50.0 0 7 8 0
0.057417548398284585 0 0.0 0 0 0 1
0.006412382567883017 0 0.0 0 0 0 1
0.1748050960794612 5 0.5 1 10 11 0
0.027188594632331167 0 0.0 0 0 0 1
-0.00010938665036240268 0 0.0 0 0 0 1
-0.005607293781830422 0 0.0 0 0 0 1
13
0.0 3 -571.0 0 1 2 0
-0.03856103014716072 0 0.0 0 0 0 1
0.005690392051654603 18 -564.0 0 3 6 0
0.26461304378353584 14 4778.5 1 4 5 0
0.040236111886979925 0 0.0 0 0 0 1
-0.014480150613474664 0 0.0 0 0 0 1
-0.009372104116680728 3 28.0 1 7 8 0
-0.004823034498912969 0 0.0 0 0 0 1
0.059197066197055094 18 21.0 0 9 12 0
0.23751803840709768 5 0.5 1 10 11 0
0.03261357664667339 0 0.0 0 0 0 1
-0.02553735210423837 0 0.0 0 0 0 1
-0.0018019226024700821 0 0.0 0 0 0 1
13
0.0 11 -20231.0 0 1 2 0
0.0218503732911817 0 0.0 0 0 0 1
-0.008614272842607058 16 13.5 1 3 12 0
0.005782474472416008 2 18.5 1 4 11 0
-0.014372127002462065 3 73.0 1 5 6 0
-0.004137379408927131 0 0.0 0 0 0 1
0.08005823901474628 18 63.0 0 7 8 0
0.02699453514528652 0 0.0 0 0 0 1
-0.017176081534479932 17 0.5 1 9 10 0
-0.00748337672345243 0 0.0 0 0 0 1
0.04144514226698444 0 0.0 0 0 0 1
0.014319389414405437 0 0.0 0 0 0 1
-0.014080429109503896 0 0.0 0 0 0 1
13
0.0 0 1.5 0 1 6 0
-0.1279763454690018 6 0.5 1 2 5 0
-0.0855517573898136 16 1.5 1 3 4 0
0.006395290351916104 0 0.0 0 0 0 1
-0.02545896879554011 0 0.0 0 0 0 1
-0.08156671127495252 0 0.0 0 0 0 1
0.01519964417137807 7 3.5 1 7 12 0
0.05359349180570787 18 -38.0 0 8 11 0
0.14502985455171108 3 -45.5 0 9 10 0
0.00033555369248486 0 0.0 0 0 0 1
0.02823653383893762 0 0.0 0 0 0 1
-0.001222483916872898 0 0.0 0 0 0 1
-0.00543251263577127 0 0.0 0 0 0 1
13
0.0 3 245.0 1 1 10 0
-0.011129279003156183 18 -1700.0 0 2 3 0
0.050852800589113914 0 0.0 0 0 0 1
-0.014838193680606182 2 28.5 1 4 9 0
-0.025352196783113894 14 7398.0 1 5 6 0
-0.0018351570662312024 0 0.0 0 0 0 1
-0.3160871484238629 2 3.5 1 7 8 0
-0.04924379979195448 0 0.0 0 0 0 1
0.04207122527758147 0 0.0 0 0 0 1
0.016437423183847943 0 0.0 0 0 0 1
0.17342480500472807 18 206.0 0 11 12 0
0.05134767465847635 0 0.0 0 0 0 1
0.006075619327761396 0 0.0 0 0 0 1
13
0.0 7 8.5 1 1 12 0
0.007404779309167783 12 0.0 1 2 11 0
0.030456004587157883 16 13.5 1 3 10 0
0.04534259067619472 9 0.0 1 4 9 0
0.08238004434703909 17 0.5 1 5 8 0
0.06312027794776871 18 7.0 1 6 7 0
0.01220643391719969 0 0.0 0 0 0 1
-0.002150888360102085 0 0.0 0 0 0 1
0.032436599725351976 0 0.0 0 0 0 1
-0.0018420305718348962 0 0.0 0 0 0 1
-0.009891827332632726 0 0.0 0 0 0 1
-0.007532939311787057 0 0.0 0 0 0 1
-0.025220853937200617 0 0.0 0 0 0 1
13
0.0 3 444.0 1 1 10 0
-0.007177432041905917 10 3.0 1 2 5 0
0.014803558286918227 10 -1.0 1 3 4 0
-0.0017623668509327067 0 0.0 0 0 0 1
0.00984417578126727 0 0.0 0 0 0 1
-0.08597331313011018 6 0.5 1 6 7 0
-0.006563114535324304 0 0.0 0 0 0 1
-0.38421885371487735 0 5.5 1 8 9 0
-0.061167099885758205 0 0.0 0 0 0 1
0.011720125448639589 0 0.0 0 0 0 1
0.2491913013251334 18 485.0 0 11 12 0
0.057616973262099726 0 0.0 0 0 0 1
0.010218623796442186 0 0.0 0 0 0 1
13
0.0 11 -16974.5 0 1 2 0
0.016212351056234777 0 0.0 0 0 0 1
-0.00992153554480962 3 -663.0 0 3 4 0
-0.04081120476204769 0 0.0 0 0 0 1
-0.005688995942294923 18 -607.0 0 5 8 0
0.2276504455174858 14 654.5 1 6 7 0
0.040986762852721695 0 0.0 0 0 0 1
-0.0012331200659714077 0 0.0 0 0 0 1
-0.018182450449095874 3 31.0 1 9 12 0
-0.050417855206909265 18 49.0 1 10 11 0
-0.009277816713121867 0 0.0 0 0 0 1
0.01318066121812605 0 0.0 0 0 0 1
0.004185456092340903 0 0.0 0 0 0 1
13
0.0 0 1.5 0 1 4 0
-0.11679416388072922 6 0.5 1 2 3 0
-0.007909445735465514 0 0.0 0 0 0 1
-0.07298011883564041 0 0.0 0 0 0 1
0.013791841361374981 7 3.5 1 5 12 0
0.0487709136629608 18 -11.0 1 6 9 0
0.12416400557605586 3 -24.0 1 7 8 0
0.0018368994338501218 0 0.0 0 0 0 1
0.026040468125641383 0 0.0 0 0 0 1
-0.022420802520858082 4 -79.0 0 10 11 0
0.0479689836187402 0 0.0 0 0 0 1
-0.005183688022266074 0 0.0 0 0 0 1
-0.0049367705086565275 0 0.0 0 0 0 1
13
0.0 3 367.0 1 1 12 0
-0.007478266047056935 18 -1412.0 0 2 3 0
0.03665665815445551 0 0.0 0 0 0 1
-0.011547683824692468 2 2.5 0 4 9 0
-0.08422487966297991 14 3678.0 1 5 8 0
-0.03345093989400424 8 1196.0 0 6 7 0
0.007084253389941245 0 0.0 0 0 0 1
-0.013486319562351745 0 0.0 0 0 0 1
-0.03685381318935591 0 0.0 0 0 0 1
0.009629422726269416 8 -3932.0 0 10 11 0
-0.009454042948067575 0 0.0 0 0 0 1
0.0038739091353777837 0 0.0 0 0 0 1
0.020181014362908964 0 0.0 0 0 0 1
13
0.0 11 -21056.5 0 1 2 0
0.019881528028830458 0 0.0 0 0 0 1
-0.0070279955496907074 3 -571.0 0 3 4 0
-0.03207541697698652 0 0.0 0 0 0 1
-0.002469392511579105 18 -507.0 0 5 8 0
0.197785093181447 14 654.5 1 6 7 0
0.037054483534287676 0 0.0 0 0 0 1
-0.006083296574597261 0 0.0 0 0 0 1
-0.015534953760127741 3 79.0 1 9 10 0
-0.0037914925679834554 0 0.0 0 0 0 1
0.06395520211865263 18 68.0 0 11 12 0
0.02611104871960714 0 0.0 0 0 0 1
-0.0027633624079872383 0 0.0 0 0 0 1
13
0.0 7 8.5 1 1 12 0
0.006622847990357356 8 0.0 1 2 7 0
0.035514086267383706 18 407.0 1 3 6 0
0.01908363958654977 3 367.0 1 4 5 0
0.001338927514461454 0 0.0 0 0 0 1
0.05006173429227317 0 0.0 0 0 0 1
0.020949609439293197 0 0.0 0 0 0 1
-0.04596057190211958 6 0.5 1 8 9 0
-0.0029316424096286777 0 0.0 0 0 0 1
-0.35309330727567584 0 5.5 1 10 11 0
-0.05252338632874962 0 0.0 0 0 0 1
0.016505764662985114 0 0.0 0 0 0 1
-0.0226219113408555 0 0.0 0 0 0 1
13
0.0 2 30.5 1 1 12 0
-0.007319180348522113 7 3.5 1 2 11 0
0.016712806297388198 6 0.5 1 3 10 0
0.03433183977872281 18 -48.0 0 4 9 0
0.13208184435904852 5 0.5 1 5 8 0
0.21647986008486872 3 -32.0 1 6 7 0
0.003790386722775783 0 0.0 0 0 0 1
0.04757183777637166 0 0.0 0 0 0 1
-0.015103926991972683 0 0.0 0 0 0 1
-0.002928765215597321 0 0.0 0 0 0 1
-0.025795464304209533 0 0.0 0 0 0 1
-0.006172036253256271 0 0.0 0 0 0 1
0.01794996514537968 0 0.0 0 0 0 1
13
0.0 9 8.5 1 1 12 0
0.029407890473494912 9 -1.0 1 2 3 0
-0.0006618950903269261 0 0.0 0 0 0 1
0.14018146509596568 5 0.5 1 4 9 0
0.22481042317206637 17 0.5 1 5 8 0
0.18718174194319556 18 13.0 1 6 7 0
0.028832983256591567 0 0.0 0 0 0 1
0.0033704694132361025 0 0.0 0 0 0 1
0.058990794656606685 0 0.0 0 0 0 1
-0.01342340755594146 18 -932.0 0 10 11 0
0.03523711406611471 0 0.0 0 0 0 1
-0.007226590568602299 0 0.0 0 0 0 1
-0.00447073413528729 0 0.0 0 0 0 1
13
0.0 3 170.0 1 1 8 0
-0.011840884663296913 16 0.5 0 2 7 0
0.1596506841903923 8 -1.0 1 3 6 0
-0.0019245718088408133 8 -2.0 0 4 5 0
0.054852890757693396 0 0.0 0 0 0 1
-0.012777339938611552 0 0.0 0 0 0 1
0.059243091729892366 0 0.0 0 0 0 1
-0.002020225472605303 0 0.0 0 0 0 1
0.11121470589861181 18 160.0 0 9 10 0
0.03553373965208253 0 0.0 0 0 0 1
0.001176994811947243 3 497.0 1 11 12 0
-0.010100468608514278 0 0.0 0 0 0 1
0.019498880554252297 0 0.0 0 0 0 1
13
0.0 13 -18975.0 0 1 2 0
0.015495287128616357 0 0.0 0 0 0 1
-0.008062158990929692 0 1.5 0 3 8 0
-0.10806503176887265 16 1.5 1 4 7 0
0.019896604095085618 18 10844.0 1 5 6 0
-0.008197493565790989 0 0.0 0 0 0 1
0.02718452740667848 0 0.0 0 0 0 1
-0.02533699557940143 0 0.0 0 0 0 1
0.004044162444883217 7 3.5 1 9 12 0
0.03299880875349037 18 -182.0 0 10 11 0
0.016669361418231124 0 0.0 0 0 0 1
5.468143137146841e-05 0 0.0 0 0 0 1
-0.0051496014342012515 0 0.0 0 0 0 1
13
0.0 12 31.0 1 1 12 0
0.01808449092231068 12 -1.0 1 2 11 0
-0.005555878145659683 7 9.5 1 3 10 0
0.0004566481731243877 3 497.0 1 4 9 0
-0.005751013009098697 18 -301.0 0 5 8 0
0.10484695609496675 3 -329.0 0 6 7 0
-0.02818322934501786 0 0.0 0 0 0 1
0.02103872601688871 0 0.0 0 0 0 1
-0.00204391728822668 0 0.0 0 0 0 1
0.027648273828559607 0 0.0 0 0 0 1
-0.030180348487230016 0 0.0 0 0 0 1
0.009057208705758714 0 0.0 0 0 0 1
-0.0066251713173388245 0 0.0 0 0 0 1
13
0.0 11 -15419.0 0 1 2 0
0.012423306141688593 0 0.0 0 0 0 1
-0.009291368641084988 18 -1700.0 0 3 4 0
0.0417935287781202 0 0.0 0 0 0 1
-0.012020712966886815 0 2.5 0 5 12 0
-0.07540475761038146 6 0.5 1 6 11 0
-0.049922016160533995 14 6691.0 1 7 10 0
-0.02447025337157892 18 -42.0 0 8 9 0
0.011048507929945578 0 0.0 0 0 0 1
-0.010633152092953388 0 0.0 0 0 0 1
-0.044091630531548284 0 0.0 0 0 0 1
-0.0509449841292732 0 0.0 0 0 0 1
0.0006131882617007836 0 0.0 0 0 0 1
13
0.0 3 206.0 1 1 10 0
-0.009578368224256482 10 39.0 1 2 9 0
0.008778395425497446 10 -1.0 1 3 8 0
-0.01857650750542604 18 206.0 1 4 5 0
-0.0034416176253189907 0 0.0 0 0 0 1
0.10958140857139621 3 -40.0 0 6 7 0
0.04973797403787098 0 0.0 0 0 0 1
-3.814845957274348e-05 0 0.0 0 0 0 1
0.007832302482355993 0 0.0 0 0 0 1
-0.0077507580961568324 0 0.0 0 0 0 1
0.1168250836539985 18 190.0 0 11 12 0
0.038678745052638956 0 0.0 0 0 0 1
0.0009519201326616517 0 0.0 0 0 0 1
13
0.0 2 4.5 0 1 10 0
-0.0354262005255335 14 280.0 1 2 9 0
-0.0053166577300887445 8 0.0 0 3 8 0
0.08792266207346516 8 -1.0 1 4 5 0
0.0010366900031313457 0 0.0 0 0 0 1
0.2711189874988453 17 0.5 1 6 7 0
0.016540201811426337 0 0.0 0 0 0 1
0.07501662742749819 0 0.0 0 0 0 1
-0.007392292851344309 0 0.0 0 0 0 1
-0.022057001433209905 0 0.0 0 0 0 1
0.02963157814596587 14 0.0 1 11 12 0
0.001180090924493193 0 0.0 0 0 0 1
0.043875199884353046 0 0.0 0 0 0 1
13
0.0 16 13.5 1 1 10 0
0.011179230448889618 2 21.5 1 2 9 0
-0.002722801203030762 13 -18337.0 0 3 4 0
0.018431192482158926 0 0.0 0 0 0 1
-0.010327712348643745 3 42.0 1 5 8 0
-0.03477966239752235 4 -2.0 1 6 7 0
0.0016912274295201768 0 0.0 0 0 0 1
-0.012038090665319919 0 0.0 0 0 0 1
0.004692162415091114 0 0.0 0 0 0 1
0.013676779383756672 0 0.0 0 0 0 1
-0.09526317854928747 18 -104.0 0 11 12 0
-0.024242041480594632 0 0.0 0 0 0 1
-0.0016183157398383494 0 0.0 0 0 0 1
13
0.0 3 -790.0 0 1 2 0
-0.03751739576367303 0 0.0 0 0 0 1
0.002922399131843204 18 -760.0 0 3 8 0
0.2264372554317395 16 0.5 0 4 5 0
0.06123850040696917 0 0.0 0 0 0 1
0.13001201482665453 14 7398.0 1 6 7 0
0.021799646207573947 0 0.0 0 0 0 1
-0.02904097684765035 0 0.0 0 0 0 1
-0.005316638954007259 3 648.0 1 9 10 0
-0.0009698441966492259 0 0.0 0 0 0 1
0.24128076645504698 18 601.0 0 11 12 0
0.0731710143563899 0 0.0 0 0 0 1
0.007451962865210686 0 0.0 0 0 0 1
13
0.0 7 10.5 1 1 12 0
0.002969453302004169 11 -22805.0 0 2 3 0
0.01961405827278073 0 0.0 0 0 0 1
-0.0023797931000581847 18 -1141.0 0 4 5 0
0.02383292500456499 0 0.0 0 0 0 1
-0.006365494707373544 0 2.5 0 6 11 0
-0.06536818162772667 5 0.5 1 7 10 0
-0.01818336788151577 18 -40.0 0 8 9 0
0.01569875626718535 0 0.0 0 0 0 1
-0.010482470850807703 0 0.0 0 0 0 1
-0.029645064095702212 0 0.0 0 0 0 1
0.0009820519546493234 0 0.0 0 0 0 1
-0.03594904461038139 0 0.0 0 0 0 1
13
0.0 15 -10575.0 0 1 4 0
-0.058825252214985906 0 2.5 0 2 3 0
-0.024441902749000974 0 0.0 0 0 0 1
-0.002951116047893798 0 0.0 0 0 0 1
0.01575105198478682 7 6.5 1 5 12 0
0.02501439508583791 6 0.5 1 6 9 0
0.03366194882560731 18 -233.0 0 7 8 0
0.014369695467084557 0 0.0 0 0 0 1
0.0012371549534901669 0 0.0 0 0 0 1
-0.12009749995904935 0 5.5 1 10 11 0
-0.033444844163722384 0 0.0 0 0 0 1
0.03792888230461187 0 0.0 0 0 0 1
-0.012037519146811839 0 0.0 0 0 0 1
13
0.0 3 -571.0 0 1 2 0
-0.025175001693257194 0 0.0 0 0 0 1
0.003920973589804955 18 -507.0 0 3 12 0
0.16263556736081966 14 0.0 1 4 9 0
0.3318759166180978 6 0.5 1 5 8 0
0.4099021726812417 7 5.5 1 6 7 0
0.05667385618107221 0 0.0 0 0 0 1
0.008491970157943672 0 0.0 0 0 0 1
-0.02254974333384599 0 0.0 0 0 0 1
-0.06973522857259086 7 2.5 1 10 11 0
0.00641566636613455 0 0.0 0 0 0 1
-0.05577157694160816 0 0.0 0 0 0 1
-0.0006003184811304871 0 0.0 0 0 0 1
13
0.0 3 129.0 1 1 6 0
-0.011604394133767664 18 168.0 1 2 3 0
-0.002797882123145904 0 0.0 0 0 0 1
0.11029260818976767 4 -12.0 0 4 5 0
0.03707679931509974 0 0.0 0 0 0 1
-0.0025719117777084845 0 0.0 0 0 0 1
0.07584612694985046 18 108.0 0 7 12 0
0.2822035431654674 5 0.5 1 8 11 0
0.3825858056090956 7 2.5 0 9 10 0
0.06267844854738984 0 0.0 0 0 0 1
0.015041409561110625 0 0.0 0 0 0 1
-0.016558531876380105 0 0.0 0 0 0 1
-0.0014886893359260965 0 0.0 0 0 0 1
13
0.0 2 32.5 1 1 12 0
-0.005005904571343181 0 10.5 1 2 9 0
0.0044167702905466375 11 -18787.0 0 3 4 0
0.018879436425776934 0 0.0 0 0 0 1
-0.0023539380334927046 3 28.0 1 5 8 0
-0.026612341261054752 18 49.0 1 6 7 0
-0.005763117449276887 0 0.0 0 0 0 1
0.011774648965899774 0 0.0 0 0 0 1
0.004313939303449259 0 0.0 0 0 0 1
-0.10613263573883805 6 0.5 1 10 11 0
-0.012521843889193966 0 0.0 0 0 0 1
0.04948147422076256 0 0.0 0 0 0 1
0.01705438244566108 0 0.0 0 0 0 1
13
0.0 9 0.0 1 1 12 0
0.023804828008433792 9 -1.0 1 2 3 0
-0.0005584330644659932 0 0.0 0 0 0 1
0.11563355394057472 5 0.5 1 4 7 0
0.19397374573527043 17 0.5 1 5 6 0
0.01616622559214574 0 0.0 0 0 0 1
0.05172239581057984 0 0.0 0 0 0 1
-0.026253957544562532 18 -36.0 1 8 11 0
-0.1421602271658149 18 -932.0 0 9 10 0
0.027412282388954302 0 0.0 0 0 0 1
-0.024800477655167304 0 0.0 0 0 0 1
0.018020655999130646 0 0.0 0 0 0 1
-0.0036043240084848807 0 0.0 0 0 0 1
13
0.0 14 -8415.0 0 1 2 0
0.03840281563680072 0 0.0 0 0 0 1
-0.002020643524544178 3 444.0 1 3 12 0
-0.007052012778597363 18 7.0 1 4 9 0
0.023549709324597344 3 -50.0 0 5 6 0
-0.006989434725871466 0 0.0 0 0 0 1
0.09125230794628628 5 0.5 1 7 8 0
0.014224622351641111 0 0.0 0 0 0 1
-0.017984053861283947 0 0.0 0 0 0 1
-0.04604601004305124 4 -26.0 0 10 11 0
0.027593639813667817 0 0.0 0 0 0 1
-0.009954546272366508 0 0.0 0 0 0 1
0.016930221061076573 0 0.0 0 0 0 1
13
0.0 10 763.5 1 1 12 0
0.014008866527365146 16 0.5 0 2 7 0
0.17673634097692223 8 -1.0 1 3 6 0
0.05202692447713724 8 -2.0 0 4 5 0
0.048198324126540924 0 0.0 0 0 0 1
-0.003946477513662678 0 0.0 0 0 0 1
0.05300357004023133 0 0.0 0 0 0 1
0.006600250922437617 8 -3932.0 0 8 9 0
-0.006081639640740554 0 0.0 0 0 0 1
0.023357384273531474 14 9136.0 1 10 11 0
0.002774807452149285 0 0.0 0 0 0 1
-0.029296640471562826 0 0.0 0 0 0 1
-0.005792714608171687 0 0.0 0 0 0 1
13
0.0 3 -408.0 0 1 4 0
-0.175311979161277 18 -174.0 1 2 3 0
-0.030629825128150406 0 0.0 0 0 0 1
0.04438484268699988 0 0.0 0 0 0 1
0.004609796679898479 18 -356.0 0 5 12 0
0.1342306969794019 5 0.5 1 6 11 0
0.3136708184263515 7 4.5 1 7 10 0
0.4871270557444732 6 0.5 1 8 9 0
0.06133099237354004 0 0.0 0 0 0 1
-0.030563563354158788 0 0.0 0 0 0 1
0.005039835189258374 0 0.0 0 0 0 1
-0.01153530041959324 0 0.0 0 0 0 1
-0.0008058464133120296 0 0.0 0 0 0 1
13
0.0 12 0.0 1 1 12 0
0.014899741060420378 12 -1.0 1 2 11 0
-0.005918652500747569 7 3.5 1 3 10 0
0.023737171484155217 18 -88.0 0 4 9 0
0.1362861915781966 3 -103.0 0 5 6 0
-0.007364062788755792 0 0.0 0 0 0 1
0.25768208023549083 5 0.5 1 7 8 0
0.03855633323556143 0 0.0 0 0 0 1
-0.027457319631140304 0 0.0 0 0 0 1
-0.0023268116599661002 0 0.0 0 0 0 1
-0.00534732520577191 0 0.0 0 0 0 1
0.008017908739550052 0 0.0 0 0 0 1
-0.005327155257674699 0 0.0 0 0 0 1
13
0.0 3 197.0 1 1 10 0
-0.008159259928617732 18 9.0 1 2 7 0
0.018712924052261368 3 -19.0 1 3 4 0
-0.004414628655619714 0 0.0 0 0 0 1
0.10099294948847787 5 0.5 1 5 6 0
0.015319269375504312 0 0.0 0 0 0 1
-0.015710353395058684 0 0.0 0 0 0 1
-0.047167205918080456 3 -34.0 0 8 9 0
0.027209252869396974 0 0.0 0 0 0 1
-0.010149426655733866 0 0.0 0 0 0 1
0.09417966437913976 18 175.0 0 11 12 0
0.03388035176487923 0 0.0 0 0 0 1
0.0001248466345949006 0 0.0 0 0 0 1
13
0.0 18 -896.0 0 1 4 0
0.16796603747036837 4 -961.0 0 2 3 0
-0.06664891706128039 0 0.0 0 0 0 1
0.02258711755060245 0 0.0 0 0 0 1
-0.004707629601547698 3 1.0 1 5 12 0
-0.03418027133516293 18 49.0 1 6 7 0
-0.006933049684251397 0 0.0 0 0 0 1
0.1472227802746418 4 -2.0 1 8 9 0
0.027003295793110595 0 0.0 0 0 0 1
-0.1594161258097492 18 10844.0 1 10 11 0
0.023941762359493725 0 0.0 0 0 0 1
-0.05775315923978003 0 0.0 0 0 0 1
0.00293434905838188 0 0.0 0 0 0 1
13
0.0 13 -18975.0 0 1 2 0
0.011851668390883915 0 0.0 0 0 0 1
-0.0061510020174478435 2 29.5 1 3 10 0
-0.01205230120266148 18 -1908.0 0 4 5 0
0.04079539013710387 0 0.0 0 0 0 1
-0.013974986224460785 3 28.0 1 6 9 0
-0.03468344565469937 18 49.0 1 7 8 0
-0.006196146209660462 0 0.0 0 0 0 1
0.009544571642499352 0 0.0 0 0 0 1
0.0025077607479252703 0 0.0 0 0 0 1
0.12729488017646717 14 280.0 1 11 12 0
0.006537678268989277 0 0.0 0 0 0 1
0.05780190913767385 0 0.0 0 0 0 1
13
0.0 16 13.5 1 1 12 0
0.009258127495142947 18 4.0 1 2 3 0
0.004602195468737798 0 0.0 0 0 0 1
-0.0325230095250335 4 -46.0 0 4 5 0
0.026757495653273955 0 0.0 0 0 0 1
-0.06300912127834071 3 73.0 1 6 11 0
-0.13858437084843608 18 43.0 0 7 10 0
-0.28766646971385457 0 5.5 1 8 9 0
-0.042481877582393746 0 0.0 0 0 0 1
-0.0050872597569393595 0 0.0 0 0 0 1
-0.002703356404978708 0 0.0 0 0 0 1
0.004192952792866116 0 0.0 0 0 0 1
-0.007833853721042672 0 0.0 0 0 0 1
13
0.0 14 10358.5 1 1 10 0
0.0017951104456462984 8 0.0 1 2 9 0
0.022064620150196744 8 -3129.0 0 3 4 0
-0.004431433572316101 0 0.0 0 0 0 1
0.054734134193799446 17 0.5 1 5 6 0
0.003927559930263737 0 0.0 0 0 0 1
0.32256457749662243 16 1.5 1 7 8 0
0.04870432998774715 0 0.0 0 0 0 1
-0.008309903993746382 0 0.0 0 0 0 1
-0.0035578983706306233 0 0.0 0 0 0 1
-0.4305193146738947 2 10.5 1 11 12 0
-0.058408224443208034 0 0.0 0 0 0 1
0.08916061226568153 0 0.0 0 0 0 1
13
0.0 11 -22805.0 0 1 2 0
0.016119334900008567 0 0.0 0 0 0 1
-0.004384651546209987 7 3.5 1 3 10 0
0.013853036000310421 18 -1.0 1 4 5 0
0.006656061670391775 0 0.0 0 0 0 1
-0.04125945691512476 3 -69.0 0 6 7 0
0.03001410130409375 0 0.0 0 0 0 1
-0.0671782471214677 3 28.0 0 8 9 0
-0.020909925029711066 0 0.0 0 0 0 1
0.003923215545443954 0 0.0 0 0 0 1
-0.044518391189790146 6 0.5 1 11 12 0
-0.006162555891627168 0 0.0 0 0 0 1
0.03731393488369821 0 0.0 0 0 0 1
13
0.0 0 1.5 0 1 10 0
-0.07915925481737168 3 33.0 1 2 7 0
-0.15751763776202404 18 -54.0 0 3 4 0
-0.0010751488194643986 0 0.0 0 0 0 1
-0.29180284516242627 4 -42.0 0 5 6 0
0.019432052956241636 0 0.0 0 0 0 1
-0.04377426728868682 0 0.0 0 0 0 1
0.08949497839679162 5 0.5 1 8 9 0
0.01984690273610874 0 0.0 0 0 0 1
-0.02780802236958854 0 0.0 0 0 0 1
0.009224738037438411 7 3.5 1 11 12 0
0.0032600565699329766 0 0.0 0 0 0 1
-0.003231187538806691 0 0.0 0 0 0 1
13
0.0 9 0.0 1 1 10 0
0.021674998152112303 9 -1.0 1 2 3 0
-0.00022353830254060516 0 0.0 0 0 0 1
0.09682456090052925 5 0.5 1 4 5 0
0.016331675402920864 0 0.0 0 0 0 1
-0.021784874301087307 18 -69.0 1 6 9 0
-0.1326678735199695 18 -788.0 0 7 8 0
0.018189615692663096 0 0.0 0 0 0 1
-0.02552922881543145 0 0.0 0 0 0 1
0.013792269294340496 0 0.0 0 0 0 1
-0.0329632501899672 8 14701.5 1 11 12 0
-0.002075066026058459 0 0.0 0 0 0 1
-0.023408022252129273 0 0.0 0 0 0 1
13
0.0 14 -8415.0 0 1 2 0
0.035090625055544104 0 0.0 0 0 0 1
-0.0018695669141640138 11 -14977.0 0 3 4 0
0.008974501902363537 0 0.0 0 0 0 1
-0.009310721809755052 3 -408.0 0 5 6 0
-0.017757842269203267 0 0.0 0 0 0 1
-0.004982226070307801 18 -461.0 0 7 12 0
0.1304281261700766 5 0.5 0 8 9 0
0.03147923828353238 0 0.0 0 0 0 1
-0.04179831783020544 7 2.5 1 10 11 0
0.007861357035195084 0 0.0 0 0 0 1
-0.04712252735735372 0 0.0 0 0 0 1
-0.001413368773928937 0 0.0 0 0 0 1
13
0.0 7 10.5 1 1 12 0
0.002393723542451767 3 648.0 1 2 9 0
-0.001009207180211949 18 12.0 1 3 4 0
0.0022027814904412766 0 0.0 0 0 0 1
-0.03186936663688237 4 -4.0 0 5 6 0
0.01548130968900135 0 0.0 0 0 0 1
-0.08022102764439282 4 2.0 0 7 8 0
-0.033472236181389385 0 0.0 0 0 0 1
-0.0037266751019973568 0 0.0 0 0 0 1
0.20373773112809965 18 601.0 0 10 11 0
0.06709484493265842 0 0.0 0 0 0 1
0.004966357125586184 0 0.0 0 0 0 1
-0.02956974206975174 0 0.0 0 0 0 1
13
0.0 2 36.5 1 1 12 0
-0.002944680874644641 16 13.5 1 2 11 0
0.005408090245534134 18 7.0 1 3 4 0
0.0034482373895950713 0 0.0 0 0 0 1
-0.02905720682091854 4 -26.0 0 5 6 0
0.01774293738452452 0 0.0 0 0 0 1
-0.05994800290985842 3 73.0 1 7 10 0
-0.13292594276578118 18 41.0 0 8 9 0
-0.028503570238397086 0 0.0 0 0 0 1
-0.0032711055706048636 0 0.0 0 0 0 1
0.003075358742230882 0 0.0 0 0 0 1
-0.007682061984101304 0 0.0 0 0 0 1
0.02066374602842741 0 0.0 0 0 0 1
13
0.0 2 5.5 1 1 4 0
-0.023618532043850355 6 0.5 1 2 3 0
-0.0009378271990842938 0 0.0 0 0 0 1
-0.026576137355971148 0 0.0 0 0 0 1
0.02518622796078894 14 0.0 1 5 12 0
0.006722798803403144 18 -250.0 0 6 11 0
0.15957536194326782 7 4.5 1 7 10 0
0.3146541005039907 3 -293.0 0 8 9 0
-0.011521433412797351 0 0.0 0 0 0 1
0.044745709875427385 0 0.0 0 0 0 1
-0.004923890419190421 0 0.0 0 0 0 1
-0.0016168072502716472 0 0.0 0 0 0 1
0.0420445163058058 0 0.0 0 0 0 1
13
0.0 3 1.0 1 1 6 0
-0.02271704634825722 18 49.0 1 2 3 0
-0.0048326418169806285 0 0.0 0 0 0 1
0.11668254453500829 18 993.0 1 4 5 0
0.026122604939880625 0 0.0 0 0 0 1
-0.0040393425256208156 0 0.0 0 0 0 1
0.027059536769705947 18 21.0 0 7 12 0
0.10995381600279114 5 0.5 1 8 11 0
0.17966987034283988 7 3.5 1 9 10 0
0.028297126958534265 0 0.0 0 0 0 1
-0.0009782460736632787 0 0.0 0 0 0 1
-0.01955098820652395 0 0.0 0 0 0 1
-0.002322021428537922 0 0.0 0 0 0 1
13
0.0 13 -18975.0 0 1 2 0
0.010525076780547328 0 0.0 0 0 0 1
-0.005521367123750245 18 -1908.0 0 3 4 0
0.03744851315924922 0 0.0 0 0 0 1
-0.007148052485850832 3 -408.0 0 5 8 0
-0.1621222583039216 18 -166.0 1 6 7 0
-0.02563807582377391 0 0.0 0 0 0 1
0.03135571880963106 0 0.0 0 0 0 1
-0.00312567291670822 18 -490.0 0 9 12 0
0.11227834238211647 5 0.5 1 10 11 0
0.030026761799881382 0 0.0 0 0 0 1
-0.006007182615199807 0 0.0 0 0 0 1
-0.0009669849013261966 0 0.0 0 0 0 1
13
0.0 7 12.5 1 1 12 0
0.0012020119188437864 3 747.0 1 2 9 0
-0.0015746550479501444 9 0.0 1 3 6 0
0.018619071194001455 9 -1.0 1 4 5 0
-0.0002704130164115674 0 0.0 0 0 0 1
0.008544182588436354 0 0.0 0 0 0 1
-0.032700684924207836 8 14701.5 1 7 8 0
-0.0020944584400792066 0 0.0 0 0 0 1
-0.023325582730608585 0 0.0 0 0 0 1
0.21909693343802855 18 682.0 0 10 11 0
0.06514094073708084 0 0.0 0 0 0 1
0.006099768009858795 0 0.0 0 0 0 1
-0.052786703418224404 0 0.0 0 0 0 1
13
0.0 14 10358.5 1 1 12 0
0.0016052762531940502 18 -978.0 0 2 7 0
0.16761542075647348 4 -961.0 0 3 4 0
-0.05073478544053622 0 0.0 0 0 0 1
0.22382589295907893 6 0.5 1 5 6 0
0.02954538028299244 0 0.0 0 0 0 1
-0.027691036008701587 0 0.0 0 0 0 1
-0.002173958228290609 3 1.0 1 8 11 0
-0.026336999239887054 18 49.0 1 9 10 0
-0.005234455263271546 0 0.0 0 0 0 1
0.011067508135029741 0 0.0 0 0 0 1
0.002584630729829595 0 0.0 0 0 0 1
-0.03893940662085507 0 0.0 0 0 0 1
13
0.0 14 -8415.0 0 1 2 0
0.03183688504518304 0 0.0 0 0 0 1
-0.0016522577580098687 14 -1078.5 0 3 4 0
-0.016673904298881926 0 0.0 0 0 0 1
0.0023741325982743985 0 1.5 0 5 12 0
-0.06725761966613743 6 0.5 1 6 11 0
-0.04173765806146856 4 47.0 1 7 10 0
-0.11316852248690959 18 -54.0 0 8 9 0
0.004417434261660733 0 0.0 0 0 0 1
-0.02468138232351624 0 0.0 0 0 0 1
0.014400076944861626 0 0.0 0 0 0 1
-0.0529292359459856 0 0.0 0 0 0 1
0.001058083440316085 0 0.0 0 0 0 1
13
0.0 10 1678.5 1 1 8 0
0.01044265934301043 16 0.5 0 2 7 0
0.14115765400463906 8 -1.0 1 3 6 0
0.034330672126691435 8 -2.0 0 4 5 0
0.04190077409844118 0 0.0 0 0 0 1
-0.0042785744012949515 0 0.0 0 0 0 1
0.04682753199644379 0 0.0 0 0 0 1
0.0004639684334022152 0 0.0 0 0 0 1
-0.051093951617024305 6 0.5 1 9 10 0
-0.0034909399521501263 0 0.0 0 0 0 1
-0.27660228533118353 0 5.5 1 11 12 0
-0.043032345379754325 0 0.0 0 0 0 1
0.006869823513579192 0 0.0 0 0 0 1
13
0.0 14 9136.0 1 1 10 0
0.00249962468698666 18 -820.0 0 2 7 0
0.13920437109355768 3 -790.0 0 3 4 0
-0.03307905725418857 0 0.0 0 0 0 1
0.20504454865612998 4 -81.0 1 5 6 0
0.038349676404672906 0 0.0 0 0 0 1
0.003989515559505763 0 0.0 0 0 0 1
-0.0018894716562218926 3 -235.0 0 8 9 0
-0.011899053041917667 0 0.0 0 0 0 1
0.0004060936334594696 0 0.0 0 0 0 1
-0.21599014620607623 2 12.5 1 11 12 0
-0.03348753602308258 0 0.0 0 0 0 1
0.0742929375681595 0 0.0 0 0 0 1
13
0.0 11 -22805.0 0 1 2 0
0.01351832508873428 0 0.0 0 0 0 1
-0.0036881453162788008 7 9.5 1 3 12 0
-0.000999364712515554 9 -24055.5 0 4 5 0
0.021654866518746683 0 0.0 0 0 0 1
-0.0036544003611309263 12 601.0 1 6 9 0
0.007729322676949518 8 -3932.0 0 7 8 0
-0.005181211734929582 0 0.0 0 0 0 1
0.0020590036512556013 0 0.0 0 0 0 1
-0.04942296525655412 6 0.5 1 10 11 0
-0.0035381775413298963 0 0.0 0 0 0 1
-0.024601082716914552 0 0.0 0 0 0 1
-0.019238471587377282 0 0.0 0 0 0 1
13
0.0 3 313.0 1 1 10 0
-0.004710895466163112 18 12.0 1 2 3 0
0.0016363169456349521 0 0.0 0 0 0 1
-0.03474065390051763 4 -4.0 0 4 5 0
0.012707192778958704 0 0.0 0 0 0 1
-0.0801477729074122 4 2.0 0 6 9 0
-0.286288681950386 7 1.5 0 7 8 0
-0.053870164258449815 0 0.0 0 0 0 1
-0.0070262159299665705 0 0.0 0 0 0 1
-0.004225612776213793 0 0.0 0 0 0 1
0.10274864312857998 18 312.0 0 11 12 0
0.04105678109449925 0 0.0 0 0 0 1
-0.0009711020780622257 0 0.0 0 0 0 1
13
0.0 14 -6779.5 0 1 2 0
0.023691720526626915 0 0.0 0 0 0 1
-0.0018971792057361273 14 -1078.5 0 3 4 0
-0.019366233243430533 0 0.0 0 0 0 1
0.002241419167704463 15 -11023.5 0 5 10 0
-0.044061591011920094 0 2.5 0 6 9 0
-0.19297565468422595 16 3.5 0 7 8 0
0.0008792029040827597 0 0.0 0 0 0 1
-0.032779372091726454 0 0.0 0 0 0 1
-0.0020828110266485193 0 0.0 0 0 0 1
0.014275657820213259 7 5.5 1 11 12 0
0.0024453020947281887 0 0.0 0 0 0 1
-0.006339590597241968 0 0.0 0 0 0 1
13
0.0 2 33.5 1 1 12 0
-0.0033810319146310272 14 7398.0 1 2 9 0
0.00043191780362590294 18 -507.0 0 3 8 0
0.10250097997185952 6 0.5 1 4 7 0
0.15230923273682903 4 -567.5 0 5 6 0
-0.018674778561927754 0 0.0 0 0 0 1
0.022708938205908278 0 0.0 0 0 0 1
-0.03229617191477482 0 0.0 0 0 0 1
-0.0006137845701226223 0 0.0 0 0 0 1
-0.15295240010168 2 3.5 1 10 11 0
-0.028176191944731713 0 0.0 0 0 0 1
0.038624389832927854 0 0.0 0 0 0 1
0.013482042772557837 0 0.0 0 0 0 1
13
0.0 3 747.0 1 1 10 0
-0.002360699750110948 8 22244.5 1 2 9 0
-0.00039086026137410604 7 3.5 1 3 6 0
0.014671146772029702 18 -38.0 0 4 5 0
0.006869063378918901 0 0.0 0 0 0 1
-0.0024775542904374257 0 0.0 0 0 0 1
-0.03156989993304334 6 0.5 1 7 8 0
-0.004776252267899966 0 0.0 0 0 0 1
0.039233593849292286 0 0.0 0 0 0 1
-0.024646962897065427 0 0.0 0 0 0 1
0.19088882872590582 18 682.0 0 11 12 0
0.057243594297118755 0 0.0 0 0 0 1
0.005371854553001783 0 0.0 0 0 0 1
13
0.0 11 -14977.0 0 1 12 0
0.07618749510593997 18 -13.0 1 2 9 0
0.1681039370532476 16 13.5 1 3 8 0
0.24448603070257277 5 0.5 1 4 7 0
0.28486441552954284 3 -24.0 1 5 6 0
0.015870396501047417 0 0.0 0 0 0 1
0.046814778786078724 0 0.0 0 0 0 1
-0.033689752981602 0 0.0 0 0 0 1
-0.009621748768013146 0 0.0 0 0 0 1
0.0004904546640655446 18 312.0 1 10 11 0
-0.005970213760316472 0 0.0 0 0 0 1
0.02587397135328568 0 0.0 0 0 0 1
-0.0006088528718582904 0 0.0 0 0 0 1
13
0.0 7 12.5 1 1 12 0
0.0010348784012713798 9 -19165.0 0 2 5 0
0.11481791223284893 7 6.5 1 3 4 0
0.018736184268902327 0 0.0 0 0 0 1
-0.00803266718017615 0 0.0 0 0 0 1
-0.002848509914120892 3 1.0 1 6 11 0
-0.022814365715788928 18 43.0 1 7 10 0
-0.04639606096680139 18 12.0 1 8 9 0
-0.002396605159463972 0 0.0 0 0 0 1
-0.023272102461174993 0 0.0 0 0 0 1
0.00981435420820494 0 0.0 0 0 0 1
0.0020711315250392013 0 0.0 0 0 0 1
-0.04666593588760898 0 0.0 0 0 0 1
13
0.0 13 -18337.0 0 1 12 0
0.08492591888310531 18 993.0 1 2 11 0
0.061198279882822774 18 -155.0 0 3 8 0
0.23727263596684436 5 0.5 1 4 7 0
0.30001510955175803 16 14.5 1 5 6 0
0.04173969237376582 0 0.0 0 0 0 1
-0.00707193881877668 0 0.0 0 0 0 1
-0.044245195509878404 0 0.0 0 0 0 1
0.013084312776094563 6 0.5 1 9 10 0
-0.0005663140511892569 0 0.0 0 0 0 1
0.05870412665498226 0 0.0 0 0 0 1
0.046531362330050584 0 0.0 0 0 0 1
-0.00048330670005066416 0 0.0 0 0 0 1
13
0.0 2 38.5 1 1 12 0
-0.0018963647377618262 14 8246.0 1 2 9 0
0.0008665822005149178 18 -1141.0 0 3 4 0
0.019803652653929898 0 0.0 0 0 0 1
-0.001821791480693063 3 -266.0 0 5 8 0
-0.1069280092673608 18 -141.0 1 6 7 0
-0.022083301314838884 0 0.0 0 0 0 1
0.03608683598808865 0 0.0 0 0 0 1
0.0003087793334536152 0 0.0 0 0 0 1
-0.15406431311397353 2 8.5 1 10 11 0
-0.02674514651814552 0 0.0 0 0 0 1
0.04983581526089904 0 0.0 0 0 0 1
0.020635531058151788 0 0.0 0 0 0 1
13
0.0 10 1678.5 1 1 10 0
0.008958557554459684 13 9271.0 1 2 7 0
0.002293798555629683 10 -1.0 1 3 6 0
-0.01634616404621726 8 -4095.0 0 4 5 0
-0.006892222357828846 0 0.0 0 0 0 1
-1.1955022460769598e-05 0 0.0 0 0 0 1
0.004085959348439986 0 0.0 0 0 0 1
0.10381139253759385 8 3054.0 1 8 9 0
0.018999837645734145 0 0.0 0 0 0 1
-0.005177352982266195 0 0.0 0 0 0 1
-0.04384536745230678 6 0.5 1 11 12 0
-0.0029277573856784835 0 0.0 0 0 0 1
-0.024724317540663565 0 0.0 0 0 0 1
13
0.0 11 -25920.0 0 1 2 0
0.01597847292902228 0 0.0 0 0 0 1
-0.0024433249167609096 0 15.5 1 3 12 0
-0.0011319668609399943 18 -1908.0 0 4 5 0
0.03225116188824057 0 0.0 0 0 0 1
-0.0023769151901991484 0 2.5 0 6 11 0
-0.04232598115959979 16 3.5 1 7 10 0
-0.005320670328983006 3 29.0 1 8 9 0
-0.006129326624616636 0 0.0 0 0 0 1
0.010577584071236323 0 0.0 0 0 0 1
-0.020530576334591447 0 0.0 0 0 0 1
0.0008466525417457342 0 0.0 0 0 0 1
-0.030274093338748587 0 0.0 0 0 0 1
13
0.0 3 401.0 1 1 10 0
-0.0035063995284519587 18 12.0 1 2 3 0
0.0013902994432203773 0 0.0 0 0 0 1
-0.02768856603150956 4 -3.0 0 4 5 0
0.011583820704952563 0 0.0 0 0 0 1
-0.06731935929825301 4 2.0 0 6 9 0
-0.26018608921561176 0 5.5 1 7 8 0
-0.04268625061377254 0 0.0 0 0 0 1
0.004236049161686686 0 0.0 0 0 0 1
-0.003482153379350171 0 0.0 0 0 0 1
0.10682762780106764 18 378.0 0 11 12 0
0.04318450493496399 0 0.0 0 0 0 1
0.0008568840505070495 0 0.0 0 0 0 1
13
0.0 7 3.5 1 1 10 0
0.013409407266491062 6 0.5 1 2 7 0
0.02406540303226272 18 -96.0 0 3 6 0
0.10896092263702192 5 0.5 1 4 5 0
0.02125153631460243 0 0.0 0 0 0 1
-0.0161999335140547 0 0.0 0 0 0 1
-0.0012117801269906992 0 0.0 0 0 0 1
-0.15405525785331686 0 3.5 0 8 9 0
-0.039493764193659964 0 0.0 0 0 0 1
0.006024421830448221 0 0.0 0 0 0 1
-0.027842973312501115 6 0.5 1 11 12 0
-0.004227626426179097 0 0.0 0 0 0 1
0.03415431083051979 0 0.0 0 0 0 1
13
0.0 9 0.0 1 1 12 0
0.016334781187271157 17 0.5 1 2 3 0
0.0006300892662151672 0 0.0 0 0 0 1
0.16083268316133129 16 1.5 1 4 11 0
0.3045442820217546 14 654.5 1 5 10 0
0.3814965431606513 8 870.0 1 6 9 0
0.5971837731330399 7 4.5 1 7 8 0
0.06940185807630612 0 0.0 0 0 0 1
-0.025155838513594708 0 0.0 0 0 0 1
0.007553915797120775 0 0.0 0 0 0 1
-0.0342966506055854 0 0.0 0 0 0 1
-0.009149434967512277 0 0.0 0 0 0 1
-0.0024857621866903965 0 0.0 0 0 0 1
13
0.0 3 1.0 1 1 2 0
-0.0018333150574806846 0 0.0 0 0 0 1
0.021767859973495035 18 21.0 0 3 12 0
0.08925713141339403 5 0.5 1 4 11 0
0.15221542989773496 7 2.5 1 5 10 0
0.27789540366349275 6 0.5 1 6 9 0
0.3134389032942477 18 -69.0 0 7 8 0
0.05308126570863662 0 0.0 0 0 0 1
0.02019087606657835 0 0.0 0 0 0 1
-0.035448594922817725 0 0.0 0 0 0 1
0.002179615740374751 0 0.0 0 0 0 1
-0.018455830227896597 0 0.0 0 0 0 1
-0.0018970594216481406 0 0.0 0 0 0 1
13
0.0 3 112.0 1 1 2 0
-0.0008671493337310166 0 0.0 0 0 0 1
0.04743962339366491 18 113.0 0 3 8 0
0.20363952682584838 5 0.5 1 4 7 0
0.2772787892879423 7 3.5 1 5 6 0
0.04326089855043649 0 0.0 0 0 0 1
0.0009575622022933807 0 0.0 0 0 0 1
-0.013265632069424946 0 0.0 0 0 0 1
-0.03542317448943403 17 0.5 1 9 12 0
-0.08167781557177564 3 313.0 1 10 11 0
-0.015997129726201653 0 0.0 0 0 0 1
0.003664030236696005 0 0.0 0 0 0 1
0.03636477423076899 0 0.0 0 0 0 1
13
0.0 8 0.0 1 1 12 0
0.015396136192347485 13 7218.5 1 2 11 0
0.0023148363051633905 18 407.0 1 3 4 0
-0.000839931068610335 0 0.0 0 0 0 1
0.1219551323520568 14 1395.0 1 5 10 0
0.16584276956681587 8 -1.0 1 6 7 0
0.002726650887093573 0 0.0 0 0 0 1
0.4278343559736094 17 0.5 0 8 9 0
0.005727924511596667 0 0.0 0 0 0 1
0.06086074666104945 0 0.0 0 0 0 1
-0.02887464718131477 0 0.0 0 0 0 1
0.014953972141902812 0 0.0 0 0 0 1
-0.002829202945377288 0 0.0 0 0 0 1
13
0.0 12 0.0 1 1 12 0
0.010544388167935483 12 -1.0 1 2 11 0
-0.00549183324471706 12 -814.0 1 3 10 0
0.008718872782463378 5 0.5 1 4 9 0
0.016180102455094807 18 -186.0 0 5 8 0
0.13641319638359084 3 -143.0 0 6 7 0
-0.006248740484599491 0 0.0 0 0 0 1
0.028698610462499163 0 0.0 0 0 0 1
-0.0008603834559792684 0 0.0 0 0 0 1
-0.010851618143229966 0 0.0 0 0 0 1
-0.006414500269231802 0 0.0 0 0 0 1
0.006104613311251907 0 0.0 0 0 0 1
-0.003791475093064586 0 0.0 0 0 0 1
13
0.0 14 -6779.5 0 1 2 0
0.021802739197683867 0 0.0 0 0 0 1
-0.0017087136269076596 14 -1078.5 0 3 6 0
-0.16678324884680362 2 12.5 0 4 5 0
0.0032159700453059446 0 0.0 0 0 0 1
-0.02840286073709919 0 0.0 0 0 0 1
0.0019104491776843796 2 5.5 1 7 8 0
-0.0018179705358197067 0 0.0 0 0 0 1
0.023862682657063317 5 0.5 1 9 12 0
0.005537307872110296 18 -250.0 0 10 11 0
0.01508941135832157 0 0.0 0 0 0 1
-0.0015313408911429062 0 0.0 0 0 0 1
0.038580957690999534 0 0.0 0 0 0 1
13
0.0 3 151.0 1 1 2 0
-0.0006802829758024968 0 0.0 0 0 0 1
0.05389287266417956 18 142.0 0 3 8 0
0.23117322887050595 5 0.5 1 4 7 0
0.30531946447386116 7 2.5 0 5 6 0
0.049814234382576705 0 0.0 0 0 0 1
0.011947890908070621 0 0.0 0 0 0 1
-0.010587920676806126 0 0.0 0 0 0 1
-0.02641299103157077 17 0.5 1 9 12 0
-0.06687992957646292 3 497.0 1 10 11 0
-0.013149846457894833 0 0.0 0 0 0 1
0.008504748723539781 0 0.0 0 0 0 1
0.03167703313420322 0 0.0 0 0 0 1
13
0.0 9 0.0 1 1 4 0
0.015540668214465612 17 0.5 1 2 3 0
0.0007413463138658412 0 0.0 0 0 0 1
0.013459217999835092 0 0.0 0 0 0 1
-0.023525155647796142 8 13122.0 1 5 10 0
-0.012603434012468046 9 8970.5 1 6 7 0
-0.003712287959826421 0 0.0 0 0 0 1
0.06722907922769822 8 0.0 1 8 9 0
0.01356728573913569 0 0.0 0 0 0 1
-0.004668922755074466 0 0.0 0 0 0 1
-0.16262253638621038 11 -98.0 0 11 12 0
0.006375592092674898 0 0.0 0 0 0 1
-0.027252254962830975 0 0.0 0 0 0 1
13
0.0 2 30.5 1 1 10 0
-0.0037433418949547026 0 12.5 1 2 9 0
-0.00030054697925503774 9 -19165.0 0 3 6 0
0.1459086076109175 13 9562.0 1 4 5 0
0.012490739069271352 0 0.0 0 0 0 1
0.08953847177555696 0 0.0 0 0 0 1
-0.004395832460715751 18 -760.0 0 7 8 0
0.010145113820706379 0 0.0 0 0 0 1
-0.0008548771045287726 0 0.0 0 0 0 1
-0.011627254316447233 0 0.0 0 0 0 1
0.09310024176571065 14 280.0 1 11 12 0
0.004920155624150706 0 0.0 0 0 0 1
0.048361550176760366 0 0.0 0 0 0 1
13
0.0 3 -965.0 0 1 2 0
-0.029558547848767304 0 0.0 0 0 0 1
0.0012820446038932576 18 -896.0 0 3 8 0
0.14257983343121883 4 -71.0 1 4 5 0
0.030055549851213018 0 0.0 0 0 0 1
-0.019480025426804614 7 2.5 1 6 7 0
0.012957107812315922 0 0.0 0 0 0 1
-0.034032043655315036 0 0.0 0 0 0 1
-0.002336649493956622 3 -109.0 0 9 12 0
-0.05948739297821272 18 -52.0 1 10 11 0
-0.01414193837926662 0 0.0 0 0 0 1
0.027143602906522308 0 0.0 0 0 0 1
0.0007084588834586935 0 0.0 0 0 0 1
13
0.0 0 1.5 0 1 12 0
-0.05602616988096267 16 1.5 1 2 9 0
0.027397419677712698 18 10844.0 1 3 4 0
-0.004163726098909732 0 0.0 0 0 0 1
0.20270166115795163 8 3495.0 1 5 8 0
0.3222598069392557 14 6691.0 1 6 7 0
0.03850301003371722 0 0.0 0 0 0 1
-0.04008944418835409 0 0.0 0 0 0 1
-0.02542528012604983 0 0.0 0 0 0 1
-0.15235082471775427 1 0.5 1 10 11 0
-0.02637764046830835 0 0.0 0 0 0 1
0.005424815923433166 0 0.0 0 0 0 1
0.0006468574547098011 0 0.0 0 0 0 1
13
0.0 11 -13384.0 0 1 12 0
0.058381173903599815 18 -116.0 0 2 11 0
0.18262848860423345 5 0.5 1 3 10 0
0.23274488555880304 16 13.5 1 4 9 0
0.33070185993849166 3 -135.0 0 5 6 0
0.009529356170329746 0 0.0 0 0 0 1
0.4763769138989487 7 6.5 1 7 8 0
0.05809557919700664 0 0.0 0 0 0 1
-0.008482093007261857 0 0.0 0 0 0 1
-0.005556732667517387 0 0.0 0 0 0 1
-0.036861627742837 0 0.0 0 0 0 1
0.0018662352308936052 0 0.0 0 0 0 1
-0.0005743835807314601 0 0.0 0 0 0 1
13
0.0 14 -8415.0 0 1 2 0
0.02518702615132941 0 0.0 0 0 0 1
-0.0012467055047173097 14 -519.0 0 3 8 0
-0.11407285480179151 18 -978.0 0 4 5 0
0.04246593629988645 0 0.0 0 0 0 1
-0.14318775305758263 8 -1.0 0 6 7 0
0.007702764413304714 0 0.0 0 0 0 1
-0.021829099113828895 0 0.0 0 0 0 1
0.001967397658212123 3 92.0 1 9 10 0
-0.0006973308924858704 0 0.0 0 0 0 1
0.04116649292012755 18 90.0 0 11 12 0
0.018038394857599168 0 0.0 0 0 0 1
-0.0030964925390140896 0 0.0 0 0 0 1
13
0.0 3 747.0 1 1 8 0
-0.0019686412469143897 8 24570.5 1 2 7 0
-0.0008100983002186789 10 3.0 1 3 6 0
0.008568926629722494 10 -1.0 1 4 5 0
-0.000797661600388509 0 0.0 0 0 0 1
0.005191872793274057 0 0.0 0 0 0 1
-0.0034314517918028853 0 0.0 0 0 0 1
-0.02973934651099406 0 0.0 0 0 0 1
0.16222093075943722 18 796.0 0 9 12 0
0.4244493943712865 0 19.5 1 10 11 0
0.04416108074918129 0 0.0 0 0 0 1
-0.4160346320252359 0 0.0 0 0 0 1
-0.0014144208952048749 0 0.0 0 0 0 1
13
0.0 13 -25620.5 0 1 2 0
0.012800690739659469 0 0.0 0 0 0 1
-0.002394506097092625 2 36.5 1 3 12 0
-0.0045177008213638774 0 10.5 1 4 5 0
0.0001065591888600476 0 0.0 0 0 0 1
-0.06359448449054582 18 -65.0 0 6 9 0
-0.16535684218911145 3 1083.0 1 7 8 0
-0.01631910609641987 0 0.0 0 0 0 1
-0.7956394956794446 0 0.0 0 0 0 1
0.01586636553860456 4 27.0 0 10 11 0
0.014563736312373402 0 0.0 0 0 0 1
-0.010740500404515749 0 0.0 0 0 0 1
0.0149325417835324 0 0.0 0 0 0 1
13
0.0 3 245.0 1 1 2 0
-0.00044052255120956524 0 0.0 0 0 0 1
0.06914901324333396 18 249.0 0 3 8 0
0.3104911531814209 18 -191.0 0 4 5 0
-0.026507385742803147 0 0.0 0 0 0 1
0.3648135810120699 7 3.5 1 6 7 0
0.04903187171306782 0 0.0 0 0 0 1
0.011778769868205176 0 0.0 0 0 0 1
-0.028738211359552526 3 648.0 1 9 10 0
-0.010471931811055966 0 0.0 0 0 0 1
0.1079525835553083 18 601.0 0 11 12 0
0.05116101833281529 0 0.0 0 0 0 1
0.0010107107537846644 0 0.0 0 0 0 1
13
0.0 11 -26960.0 0 1 2 0
0.01592613276530645 0 0.0 0 0 0 1
-0.0018271389381753736 3 -790.0 0 3 4 0
-0.01910016890616969 0 0.0 0 0 0 1
-0.0002934853804445541 18 -654.0 0 5 12 0
0.112303150444813 16 0.5 0 6 7 0
0.04649512681474034 0 0.0 0 0 0 1
0.04222370995011284 6 0.5 1 8 11 0
0.09379544487320994 2 2.5 0 9 10 0
-0.007080009659695647 0 0.0 0 0 0 1
0.0238779240794962 0 0.0 0 0 0 1
-0.038831014465406405 0 0.0 0 0 0 1
-0.000533997883281863 0 0.0 0 0 0 1
13
0.0 14 10358.5 1 1 10 0
0.0011466353317229703 18 -1700.0 0 2 3 0
0.025753008145433656 0 0.0 0 0 0 1
-0.00011421198718990305 3 -255.0 0 4 7 0
-0.07702947908841042 18 -128.0 1 5 6 0
-0.016037216721544175 0 0.0 0 0 0 1
0.03153977505226092 0 0.0 0 0 0 1
0.003959667145760137 18 -233.0 0 8 9 0
0.007602161022106054 0 0.0 0 0 0 1
-0.0006732954010901826 0 0.0 0 0 0 1
-0.27269245193177605 2 10.5 1 11 12 0
-0.03721076305198708 0 0.0 0 0 0 1
0.07526221386223816 0 0.0 0 0 0 1
13
0.0 0 1.5 0 1 12 0
-0.05045584187093244 3 27.0 1 2 9 0
-0.11246984746589625 18 -33.0 1 3 6 0
0.002312769728395687 5 0.5 1 4 5 0
0.00932288109058795 0 0.0 0 0 0 1
-0.01764902765137261 0 0.0 0 0 0 1
-0.24896834775350216 3 -32.0 0 7 8 0
0.012386598318710116 0 0.0 0 0 0 1
-0.04034008532727327 0 0.0 0 0 0 1
0.06940480037137553 5 0.5 1 10 11 0
0.01536549200929492 0 0.0 0 0 0 1
-0.021144861400626293 0 0.0 0 0 0 1
0.0005806548514570904 0 0.0 0 0 0 1
13
0.0 7 12.5 1 1 12 0
0.0008377167819416805 9 -24055.5 0 2 5 0
0.13869366707755185 8 5791.5 1 3 4 0
0.010289908337031022 0 0.0 0 0 0 1
0.07284431225955848 0 0.0 0 0 0 1
-0.00145493069532573 10 3675.0 1 6 11 0
0.005150091830306876 13 9889.5 1 7 8 0
-5.248152068385114e-05 0 0.0 0 0 0 1
0.09060264182716476 8 2514.5 1 9 10 0
0.017175974224517252 0 0.0 0 0 0 1
-0.004039323386099161 0 0.0 0 0 0 1
-0.00458183443297002 0 0.0 0 0 0 1
-0.037351326137123594 0 0.0 0 0 0 1
13
0.0 3 865.0 1 1 10 0
-0.0014813568410980645 15 -11023.5 0 2 9 0
-0.03655724589317643 0 2.5 0 3 8 0
-0.15272244887580375 18 -44.0 0 4 5 0
0.0034635233962422387 0 0.0 0 0 0 1
-0.26211345869729 4 10.0 1 6 7 0
-0.04447636242467265 0 0.0 0 0 0 1
-0.010026196419295618 0 0.0 0 0 0 1
-0.00192568179860966 0 0.0 0 0 0 1
0.0007548511343200703 0 0.0 0 0 0 1
0.18007169180807722 18 796.0 0 11 12 0
0.057347819631858955 0 0.0 0 0 0 1
0.0007966268689127527 0 0.0 0 0 0 1
13
0.0 12 601.0 1 1 12 0
0.008104601342738322 12 -1.0 1 2 11 0
-0.004792556148424989 13 5117.0 1 3 6 0
-0.014882448723363811 18 378.0 1 4 5 0
-0.0024930510247569717 0 0.0 0 0 0 1
0.007661013194188451 0 0.0 0 0 0 1
0.06234872541964941 8 541.0 1 7 8 0
0.01331434470114728 0 0.0 0 0 0 1
-0.025715669391738652 11 742.0 0 9 10 0
0.01196029848539895 0 0.0 0 0 0 1
-0.01300718504290225 0 0.0 0 0 0 1
0.0044355336607895405 0 0.0 0 0 0 1
-0.003367966427316264 0 0.0 0 0 0 1
13
0.0 13 -18975.0 0 1 4 0
0.07087498354105201 7 3.5 0 2 3 0
0.018402164963597433 0 0.0 0 0 0 1
-0.00035792084185632794 0 0.0 0 0 0 1
-0.0037107865383541614 11 -26960.0 0 5 6 0
0.019927303147839998 0 0.0 0 0 0 1
-0.005293471104898531 8 -5333.5 0 7 10 0
-0.050016055781059866 9 12350.5 1 8 9 0
-0.006803595153904902 0 0.0 0 0 0 1
0.02004177335465832 0 0.0 0 0 0 1
0.0022315458292543142 2 5.5 1 11 12 0
-0.0020720019818890292 0 0.0 0 0 0 1
0.0033958965246195464 0 0.0 0 0 0 1
13
0.0 15 20494.0 1 1 12 0
-0.0040027819290416366 11 -12031.0 0 2 11 0
0.0464558193260258 18 -125.0 0 3 8 0
0.16579277862896893 5 0.5 1 4 7 0
0.21929603715030857 16 13.5 1 5 6 0
0.03095862100552584 0 0.0 0 0 0 1
-0.003960794851983068 0 0.0 0 0 0 1
-0.03569548842914412 0 0.0 0 0 0 1
0.00982965757655697 18 312.0 1 9 10 0
-0.0022708944774708613 0 0.0 0 0 0 1
0.02082307364144842 0 0.0 0 0 0 1
-0.001000801055954758 0 0.0 0 0 0 1
0.006507537840191785 0 0.0 0 0 0 1
13
0.0 14 -6779.5 0 1 4 0
0.17804118588715181 18 -48.0 1 2 3 0
-0.006479164032992111 0 0.0 0 0 0 1
0.036606878547562755 0 0.0 0 0 0 1
-0.0013838727168269795 14 -1078.5 0 5 10 0
-0.1465070306382254 2 12.5 0 6 7 0
0.0034121038006126184 0 0.0 0 0 0 1
-0.25075725145646915 18 -583.0 0 8 9 0
0.03169162410531698 0 0.0 0 0 0 1
-0.02923077760140711 0 0.0 0 0 0 1
0.001836884630642803 7 3.5 1 11 12 0
0.0014445130312012446 0 0.0 0 0 0 1
-0.0023775277116764703 0 0.0 0 0 0 1
13
0.0 2 39.5 1 1 12 0
-0.001317136554777178 0 13.5 1 2 7 0
0.0007908211613511481 9 -25584.0 0 3 6 0
0.1741975078179152 13 10933.5 1 4 5 0
0.014861284740417206 0 0.0 0 0 0 1
0.12831225695521759 0 0.0 0 0 0 1
-0.00011524173817489509 0 0.0 0 0 0 1
-0.12053788473638383 18 -74.0 0 8 11 0
-0.27586543623557686 3 1083.0 1 9 10 0
-0.026507677219067716 0 0.0 0 0 0 1
-0.5915017952615851 0 0.0 0 0 0 1
-0.0009947926656845697 0 0.0 0 0 0 1
0.018548562332773546 0 0.0 0 0 0 1
13
0.0 3 -72.0 0 1 8 0
-0.029416317391386674 18 -21.0 1 2 7 0
-0.07495891902339046 18 -356.0 0 3 6 0
0.07257634965676386 3 -329.0 0 4 5 0
-0.012774032567981881 0 0.0 0 0 0 1
0.02063222369192105 0 0.0 0 0 0 1
-0.014806903710385991 0 0.0 0 0 0 1
0.01901873537796233 0 0.0 0 0 0 1
0.008235224545327742 18 -25.0 0 9 12 0
0.06205580026777014 5 0.5 1 10 11 0
0.011559265384906465 0 0.0 0 0 0 1
-0.017000522865994315 0 0.0 0 0 0 1
-0.002206504628885222 0 0.0 0 0 0 1
13
0.0 9 8.5 1 1 4 0
0.012745860920811737 9 -2814.0 0 2 3 0
-0.0017008606825137272 0 0.0 0 0 0 1
0.0039745240207355965 0 0.0 0 0 0 1
-0.01939407528410345 8 14131.0 1 5 10 0
-0.01080519020549084 9 8015.0 1 6 7 0
-0.003447052050332872 0 0.0 0 0 0 1
0.05027420101636724 8 -280.0 0 8 9 0
0.013076697334803891 0 0.0 0 0 0 1
-0.0021154494306396742 0 0.0 0 0 0 1
-0.14945627813836584 13 -541.0 0 11 12 0
0.010251697320677891 0 0.0 0 0 0 1
-0.02460782580151743 0 0.0 0 0 0 1
13
0.0 3 176.0 1 1 2 0
-0.0004989037313202528 0 0.0 0 0 0 1
0.04884120220022288 18 190.0 0 3 8 0
0.2123163292084988 5 0.5 1 4 7 0
0.28065717293370007 7 4.5 1 5 6 0
0.03849943909663669 0 0.0 0 0 0 1
-0.0002938230279502092 0 0.0 0 0 0 1
-0.012047995018779813 0 0.0 0 0 0 1
-0.03312755013664968 17 0.5 1 9 12 0
-0.07232799835469621 3 401.0 1 10 11 0
-0.016544736158122776 0 0.0 0 0 0 1
0.0031472877881633006 0 0.0 0 0 0 1
0.02761865843594595 0 0.0 0 0 0 1
